4222511 0
8445468 4
9872997 6
29148173 0
29148173 6
29148174 0
29148174 4
31993776 5
31993776 6
32827871 2
37254003 0
42166017 5
48660226 1
48660226 2
48660226 4
48660227 1
48660227 3
48660227 7
52547572 1
52547572 4
52547573 3
52547573 7
58091089 1
58091090 4
69442258 6
70476685 5
70476686 5
74663534 7
82294183 0
83320607 1
84217196 4
9872999 4
23436082 5
23436084 6
26199123 1
29148178 7
35180740 2
37254004 2
42166018 3
42166021 7
46444128 6
51161910 5
52547574 6
52547575 5
52547575 1
52547576 5
52547577 5
52547578 4
53544555 0
54505888 1
58091091 2
58091093 6
70476690 7
70476690 4
73976073 0
73976074 2
73976075 7
74663536 3
74663537 1
74663539 4
82294187 3
82294189 0
83320611 1
84217201 1
86618043 6
93154432 7
93154432 6
93154432 2
94777784 2
100380014 3
100380018 6
109719190 6
109719192 6
110257221 5
7020106 2
7020107 1
32827872 7
32827875 5
32827876 4
42166021 1
46444125 6
48263780 2
48263780 5
48263781 0
48263782 6
48660225 2
48660225 6
48660226 1
48660226 2
48660226 4
48660227 1
48660227 3
48660227 7
48950250 2
48950250 5
48950255 1
52547572 1
52547572 4
52547573 3
52547573 7
52547574 6
54505892 7
73976073 4
73976073 5
74663537 4
81225596 2
81225599 0
81225601 6
83320610 3
84217198 5
84995402 2
84995402 5
84995404 2
84995404 7
84995409 5
97878085 2
97878085 5
97878088 3
147432 2
147432 1
