0 110184 2302 1
1 112486 2820 0
2 115306 4478 0
3 119784 956 0
4 120740 3200 0
5 123940 946 0
6 124886 262 0
7 125148 2964 0
8 128112 2939 0
9 131051 2834 0
10 147427 262 0
11 147689 2832 0
12 150521 2939 0
13 153460 36532 0
14 189992 4114 0
15 194106 85300 0
16 279406 18008 0
17 297414 127660 0
18 425074 13923 0
19 438997 143870 0
20 596408 14088 0
21 610496 143110 0
22 753606 14906 0
23 768512 129550 0
24 898062 8209 0
25 906271 156380 0
26 1062651 16982 0
27 1079633 45239 0
28 1124872 39057 0
29 1163929 289392 1
30 1466016 69268 0
31 1535284 20355 0
32 1555639 21691 0
33 1577330 19322 0
34 1596652 74223 0
35 1670875 19940 0
36 1690815 32296 0
37 1723111 29448 0
38 1752559 86024 0
39 1838583 31457 0
40 1883581 28620 0
41 1912201 28978 0
42 1941179 104852 0
43 2046031 47342 0
44 2093373 42467 0
45 2135840 37233 0
46 2173073 85847 0
47 2258920 41280 0
48 2300200 46902 0
49 2347102 26658 0
50 2387302 88140 0
51 2475442 27955 0
52 2503397 29210 0
53 2532607 25713 0
54 2558320 97542 0
55 2655862 22406 0
56 2678268 25474 0
57 2703742 24550 0
58 2728292 223610 1
59 2951902 18596 0
60 2983193 3035 0
61 2986228 3744 0
62 2989972 3192 0
63 2993164 42242 0
64 3035406 5793 0
65 3041199 6202 0
66 3047401 6566 0
67 3053967 61061 0
68 3115028 14687 0
69 3129715 15104 0
70 3158360 13866 0
71 3172226 72069 0
72 3244295 19345 0
73 3263640 19255 0
74 3282895 21922 0
75 3304817 78587 0
76 3383404 18056 0
77 3401460 16711 0
78 3418171 17122 0
79 3435293 80592 0
80 3529426 18447 0
81 3547873 18482 0
82 3566355 16484 0
83 3582839 93844 0
84 3676683 21422 0
85 3698105 23201 0
86 3721306 21667 0
87 3742973 194477 1
88 3937450 47587 0
89 3985037 7898 0
90 4005630 8219 0
91 4013849 6835 0
92 4020684 68335 0
93 4089019 11805 0
94 4100824 12754 0
95 4113578 13532 0
96 4127110 64320 0
97 4191430 15281 0
98 4206711 15795 0
99 4222506 155407 1
100 4391455 70737 0
101 4462192 54499 0
102 4516691 6649 0
103 4523340 11311 0
104 4534651 8920 0
105 4543571 58476 0
106 4602047 8565 0
107 4610612 9390 0
108 4620002 7643 0
109 4627645 58019 0
110 4699205 9330 0
111 4708535 9858 0
112 4718393 9626 0
113 4728019 59840 0
114 4787859 10147 0
115 4798006 11042 0
116 4809048 10176 0
117 4819224 66108 0
118 4885332 9288 0
119 4894620 11794 0
120 4919109 10393 0
121 4929502 62184 0
122 4991686 8999 0
123 5000685 10210 0
124 5010895 10337 0
125 5021232 73067 0
126 5094299 12130 0
127 5106429 13862 0
128 5120291 187357 1
129 5307648 60375 0
130 5381564 8109 0
131 5389673 8887 0
132 5398560 8386 0
133 5406946 63971 0
134 5470917 12351 0
135 5483268 14093 0
136 5497361 10732 0
137 5508093 66799 0
138 5574892 13196 0
139 5588088 13335 0
140 5614118 11166 0
141 5625284 68643 0
142 5693927 10985 0
143 5704912 13004 0
144 5717916 11515 0
145 5729431 84053 0
146 5813484 14052 0
147 5827536 16912 0
148 5844448 16575 0
149 5861023 71430 0
150 5945995 17343 0
151 5963338 13803 0
152 5977141 14862 0
153 5992003 74795 0
154 6066798 13449 0
155 6080247 13337 0
156 6093584 12799 0
157 6106383 230209 1
158 6336592 50682 0
159 6387274 6693 0
160 6407508 6799 0
161 6414307 7485 0
162 6421792 61850 0
163 6483642 7475 0
164 6491117 8549 0
165 6499666 6955 0
166 6506621 64053 0
167 6570674 8240 0
168 6578914 8670 0
169 6587584 7612 0
170 6607891 65852 0
171 6673743 7381 0
172 6681124 8396 0
173 6689520 8149 0
174 6697669 63012 0
175 6760681 6688 0
176 6767369 8531 0
177 6775900 6777 0
178 6782677 76698 0
179 6859375 14571 0
180 6887487 16536 0
181 6904023 13359 0
182 6917382 66124 0
183 6983506 12931 0
184 6996437 11987 0
185 7008424 11673 0
186 7020097 231239 1
187 7251336 49719 0
188 7301055 6506 0
189 7307561 5594 0
190 7326697 5200 0
191 7331897 72106 0
192 7404003 8051 0
193 7412054 8559 0
194 7420613 9577 0
195 7430190 73606 0
196 7503796 9989 0
197 7513785 12381 0
198 7526166 11585 0
199 7537751 100447 0
200 7650893 6385 0
201 7657278 64981 0
202 7722259 3919 0
203 7726178 9202 0
204 7735380 7423 0
205 7742803 82270 0
206 7825073 12459 0
207 7837532 12008 0
208 7849540 11491 0
209 7861031 83436 0
210 7958008 23493 0
211 7981501 21007 0
212 8002508 18684 0
213 8021192 82799 0
214 8103991 20439 0
215 8124430 249408 1
216 8373838 58212 0
217 8432050 7364 0
218 8439414 6049 0
219 8445463 36139 1
220 8495143 24242 0
221 8519385 11568 0
222 8530953 12838 0
223 8543791 11040 0
224 8554831 29142 0
225 8583973 8807 0
226 8592780 11075 0
227 8603855 9002 0
228 8612857 36204 0
229 8649061 9709 0
230 8671465 10875 0
231 8682340 9475 0
232 8691815 30799 0
233 8722614 7711 0
234 8730325 42412 0
235 8772737 9987 0
236 8782724 12293 0
237 8795017 10300 0
238 8805317 44203 0
239 8849520 9473 0
240 8872594 10457 0
241 8883051 10549 0
242 8893600 47287 0
243 8940887 10122 0
244 8951009 11853 0
245 8962862 10152 0
246 8973014 44242 0
247 9017256 8688 0
248 9025944 97680 1
249 9123624 31464 0
250 9168570 12729 0
251 9181299 13945 0
252 9195244 11124 0
253 9206368 43122 0
254 9249490 15087 0
255 9264577 15086 0
256 9279663 13456 0
257 9293119 50206 0
258 9343325 19211 0
259 9362536 20135 0
260 9395367 18925 0
261 9414292 49802 0
262 9464094 18016 0
263 9482110 20461 0
264 9502571 17267 0
265 9519838 56956 0
266 9576794 17809 0
267 9594603 18387 0
268 9612990 17031 0
269 9630021 57916 0
270 9701477 19133 0
271 9720610 19828 0
272 9740438 18557 0
273 9758995 58854 0
274 9817849 17873 0
275 9835722 18795 0
276 9854517 18474 0
277 9872991 130416 1
278 10003407 50851 0
279 10054258 12948 0
280 10079901 14674 0
281 10094575 13126 0
282 10107701 55407 0
283 10163108 19213 0
284 10182321 20998 0
285 10203319 17607 0
286 10220926 54693 0
287 10275619 20467 0
288 10296086 21872 0
289 10317958 19943 0
290 10351443 68537 0
291 10419980 19676 0
292 10439656 21961 0
293 10461617 23546 0
294 10485163 73641 0
295 10558804 24840 0
296 10583644 25440 0
297 10609084 19696 0
298 10628780 67426 0
299 10696206 21416 0
300 10731163 24527 0
301 10755690 25144 0
302 10780834 71851 0
303 10852685 23807 0
304 10876492 24783 0
305 10901275 22320 0
306 10923595 150310 1
307 11073905 87213 0
308 11161118 13629 0
309 11174747 16516 0
310 11203958 18232 0
311 11222190 49706 0
312 11271896 8870 0
313 11280766 11321 0
314 11292087 11299 0
315 11303386 62076 0
316 11365462 18646 0
317 11384108 21040 0
318 11405148 19561 0
319 11424709 68289 0
320 11506539 23843 0
321 11530382 23468 0
322 11553850 23830 0
323 11577680 72185 1
324 11649865 36800 0
325 11686665 9140 0
326 11695805 12078 0
327 11707883 10585 0
328 11718468 49357 0
329 11767825 13484 0
330 11794851 13355 0
331 11808206 44457 0
332 11852663 14789 0
333 11867452 16784 0
334 11884236 14465 0
335 11898701 49303 0
336 11948004 13879 0
337 11961883 15813 0
338 11977696 14026 0
339 11991722 58704 0
340 12063121 10942 0
341 12074063 12668 0
342 12086731 10526 0
343 12097257 65991 0
344 12163248 10467 0
345 12173715 11269 0
346 12184984 10595 0
347 12195579 63108 0
348 12258687 10580 0
349 12269267 12274 0
350 12295082 10498 0
351 12305580 47763 0
352 12353343 126079 1
353 12479422 42183 0
354 12521605 9061 0
355 12530666 11682 0
356 12542348 9845 0
357 12552193 60351 0
358 12612544 12450 0
359 12624994 14968 0
360 12653507 14096 0
361 12667603 65911 0
362 12733514 16849 0
363 12750363 17111 0
364 12767474 16363 0
365 12783837 75459 0
366 12859296 19381 0
367 12878677 20485 0
368 12899162 18039 0
369 12917201 87171 0
370 13017063 22450 0
371 13039513 25919 0
372 13065432 21138 0
373 13086570 97593 0
374 13184163 25004 0
375 13209167 28260 0
376 13237427 25545 0
377 13262972 98276 0
378 13361248 26809 0
379 13388057 29875 0
380 13431474 29637 0
381 13461111 179023 1
382 13640134 45212 0
383 13685346 9329 0
384 13694675 9958 0
385 13704633 8814 0
386 13713447 66218 0
387 13779665 12174 0
388 13791839 12555 0
389 13804394 10750 0
390 13827839 80307 0
391 13908146 17666 0
392 13925812 17736 0
393 13943548 17206 0
394 13960754 93682 0
395 14054436 23596 0
396 14078032 23752 0
397 14101784 22582 0
398 14124366 103459 0
399 14227825 25999 0
400 14267365 28233 0
401 14295598 24921 0
402 14320519 114814 0
403 14435333 27609 0
404 14462942 30580 0
405 14493522 30462 0
406 14523984 124627 0
407 14648611 38071 0
408 14686682 35514 0
409 14722196 35587 0
410 14771324 216588 1
411 14987912 44974 0
412 15032886 8780 0
413 15041666 10163 0
414 15051829 10009 0
415 15061838 67070 0
416 15128908 13112 0
417 15142020 14405 0
418 15156425 12750 0
419 15169175 89186 0
420 15271056 18219 0
421 15289275 18067 0
422 15307342 13947 0
423 15321289 88937 0
424 15410226 20874 0
425 15431100 22724 0
426 15453824 19188 0
427 15473012 107430 0
428 15580442 28377 0
429 15608819 26665 0
430 15649026 27684 0
431 15676710 122836 0
432 15799546 28683 0
433 15828229 31138 0
434 15859367 30830 0
435 15890197 135597 0
436 16025794 41732 0
437 16067526 41971 0
438 16109497 41368 0
439 16150865 259124 1
440 16423530 49944 0
441 16473474 6017 0
442 16479491 8781 0
443 16488272 9453 0
444 16497725 72475 0
445 16570200 10387 0
446 16580587 10593 0
447 16591180 10445 0
448 16601625 90429 0
449 16692054 12763 0
450 16717512 12920 0
451 16730432 92986 0
452 16823418 20915 0
453 16844333 19553 0
454 16863886 20028 0
455 16883914 94128 0
456 16978042 162409 1
457 17140451 39939 0
458 17180390 4128 0
459 17184518 4309 0
460 17202368 4914 0
461 17207282 52671 0
462 17259953 9032 0
463 17268985 7512 0
464 17276497 7012 0
465 17283509 63334 0
466 17346843 10679 0
467 17357522 11797 0
468 17369319 13969 0
469 17383288 62120 0
470 17458950 12166 0
471 17471116 13355 0
472 17484471 12500 0
473 17496971 87181 0
474 17584152 13946 0
475 17598098 14464 0
476 17612562 12418 0
477 17624980 78212 0
478 17703192 11300 0
479 17714492 10793 0
480 17738035 12237 0
481 17750272 85272 0
482 17835544 10845 0
483 17846389 11329 0
484 17857718 11275 0
485 17868993 263679 1
486 18132672 46348 0
487 18179020 3826 0
488 18182846 3809 0
489 18186655 5544 0
490 18205685 63128 0
491 18268813 13056 0
492 18281869 13076 0
493 18294945 11342 0
494 18306287 83161 0
495 18389448 13548 0
496 18402996 11854 0
497 18414850 9967 0
498 18424817 89729 0
499 18514546 15037 0
500 18543124 15188 0
501 18558312 17189 0
502 18575501 111220 0
503 18686721 18750 0
504 18705471 22698 0
505 18728169 22259 0
506 18750428 108457 0
507 18858885 22397 0
508 18881282 19233 0
509 18900515 17576 0
510 18930786 121010 0
511 19051796 24154 0
512 19075950 25142 0
513 19101092 30966 0
514 19132058 279011 1
515 19411069 40995 0
516 19452064 3411 0
517 19455475 3610 0
518 19459085 3100 0
519 19462185 64395 0
520 19540122 11331 0
521 19551453 12697 0
522 19564150 11623 0
523 19575773 66524 0
524 19642297 10620 0
525 19652917 11318 0
526 19664235 10569 0
527 19674804 110277 0
528 19785081 22357 0
529 19807438 18049 0
530 19838182 17690 0
531 19855872 128918 0
532 19984790 22077 0
533 20006867 24927 0
534 20031794 32418 0
535 20064212 118102 0
536 20182314 36118 0
537 20218432 34545 0
538 20252977 31620 0
539 20284597 125227 0
540 20423398 32014 0
541 20455412 27159 0
542 20482571 26273 0
543 20508844 310731 1
544 20819575 30396 0
545 20849971 2949 0
546 20852920 3483 0
547 20856403 3023 0
548 20859426 73199 0
549 20932625 13912 0
550 20960045 11831 0
551 20971876 9956 0
552 20981832 76165 0
553 21057997 10019 0
554 21068016 10383 0
555 21078399 12816 0
556 21091215 99266 0
557 21190481 19469 0
558 21209950 21514 0
559 21231464 19263 0
560 21263422 112791 0
561 21376213 22983 0
562 21399196 22013 0
563 21421209 21732 0
564 21442941 112816 1
565 21555757 39935 0
566 21595692 12525 0
567 21608217 12942 0
568 21621159 13972 0
569 21635131 49817 0
570 21698490 14008 0
571 21712498 15103 0
572 21727601 12055 0
573 21739656 59753 0
574 21799409 14416 0
575 21813825 16502 0
576 21830327 13693 0
577 21844020 83829 0
578 21927849 16990 0
579 21944839 17189 0
580 21975569 15311 0
581 21990880 67094 0
582 22057974 12864 0
583 22070838 15300 0
584 22086138 16468 0
585 22102606 75102 0
586 22177708 15165 0
587 22192873 17021 0
588 22209894 16648 0
589 22226542 76295 0
590 22315532 18041 0
591 22333573 18776 0
592 22352349 21306 0
593 22373655 157658 1
594 22531313 46642 0
595 22577955 10768 0
596 22588723 9586 0
597 22598309 7696 0
598 22606005 59436 0
599 22665441 12671 0
600 22691653 13290 0
601 22704943 13201 0
602 22718144 72241 0
603 22790385 17899 0
604 22808284 20961 0
605 22829245 16443 0
606 22845688 80726 0
607 22926414 18116 0
608 22944530 21711 0
609 22966241 18817 0
610 22998600 88159 0
611 23086759 17037 0
612 23103796 17465 0
613 23121261 15773 0
614 23137034 87782 0
615 23224816 15749 0
616 23240565 18834 0
617 23259399 15885 0
618 23275284 88061 0
619 23363345 19120 0
620 23395160 21131 0
621 23416291 19784 0
622 23436075 175017 1
623 23611092 50840 0
624 23661932 8983 0
625 23670915 10603 0
626 23681518 9159 0
627 23690677 55716 0
628 23746393 9802 0
629 23756195 13053 0
630 23782789 12143 0
631 23794932 74222 0
632 23869154 14125 0
633 23883279 15436 0
634 23898715 15354 0
635 23914069 70488 0
636 23984557 14788 0
637 23999345 19200 0
638 24018545 17386 0
639 24035931 72565 0
640 24121192 20418 0
641 24141610 22152 0
642 24163762 18904 0
643 24182666 62981 0
644 24245647 20742 0
645 24266389 23776 0
646 24290165 21192 0
647 24311357 126154 1
648 24437511 38221 0
649 24475732 3332 0
650 24492604 3484 0
651 24496088 3571 0
652 24499659 51846 0
653 24551505 4488 0
654 24555993 4637 0
655 24560630 7006 0
656 24567636 52547 0
657 24620183 8100 0
658 24628283 8374 0
659 24636657 9257 0
660 24659548 60462 0
661 24720010 8934 0
662 24728944 8641 0
663 24737585 7682 0
664 24745267 63319 0
665 24808586 8020 0
666 24816606 8771 0
667 24825377 11493 0
668 24836870 78683 0
669 24915553 11137 0
670 24939293 9967 0
671 24949260 12641 0
672 24961901 84696 0
673 25046597 11186 0
674 25057783 13050 0
675 25070833 12540 0
676 25083373 207775 1
677 25291148 36275 0
678 25327423 5924 0
679 25333347 48694 0
680 25395582 8006 0
681 25403588 8898 0
682 25412486 7826 0
683 25420312 71878 0
684 25492190 14092 0
685 25506282 15308 0
686 25521590 13648 0
687 25535238 82561 0
688 25617799 14804 0
689 25632603 15329 0
690 25661473 14282 0
691 25675755 78402 0
692 25754157 10257 0
693 25764414 12079 0
694 25776493 13578 0
695 25790071 87072 0
696 25877143 18424 0
697 25895567 19725 0
698 25915292 19635 0
699 25934927 97870 0
700 26045492 21784 0
701 26067276 23214 0
702 26090490 20058 0
703 26110548 72528 0
704 26183076 16039 0
705 26199115 232555 1
706 26431670 40924 0
707 26472594 7156 0
708 26479750 7209 0
709 26486959 5871 0
710 26506372 47591 0
711 26553963 9955 0
712 26563918 10855 0
713 26574773 10360 0
714 26585133 59115 0
715 26644248 13601 0
716 26657849 14054 0
717 26671903 13642 0
718 26685545 63874 0
719 26749419 14599 0
720 26777559 14587 0
721 26792146 13591 0
722 26805737 72615 0
723 26878352 16397 0
724 26894749 16952 0
725 26911701 16821 0
726 26928522 84555 0
727 27013077 17610 0
728 27030687 16666 0
729 27047353 16651 0
730 27076727 112539 0
731 27189266 28258 0
732 27217524 27444 0
733 27244968 20479 0
734 27265447 236848 1
735 27502295 40994 0
736 27543289 4914 0
737 27548203 5918 0
738 27554121 4035 0
739 27558156 55530 0
740 27627299 8076 0
741 27635375 10004 0
742 27645379 11243 0
743 27656622 77023 0
744 27733645 15450 0
745 27749095 19920 0
746 27769015 19687 0
747 27788702 74506 0
748 27863208 14846 0
749 27878054 14917 0
750 27906413 12362 0
751 27918775 82282 0
752 28001057 16445 0
753 28017502 17838 0
754 28035340 17928 0
755 28053268 78462 0
756 28131730 16113 0
757 28147843 17011 0
758 28164854 15455 0
759 28180309 93668 0
760 28286672 17814 0
761 28304486 20490 0
762 28324976 18112 0
763 28343088 232711 1
764 28575799 34705 0
765 28610504 5277 0
766 28615781 6198 0
767 28621979 5657 0
768 28627636 54419 0
769 28682055 9656 0
770 28705252 10519 0
771 28715771 8827 0
772 28724598 64695 0
773 28789293 12533 0
774 28801826 13962 0
775 28815788 16235 0
776 28832023 68066 0
777 28900089 14685 0
778 28914774 14079 0
779 28928853 12382 0
780 28953930 87197 0
781 29041127 15100 0
782 29056227 13068 0
783 29069295 13214 0
784 29082509 65659 0
785 29148168 51717 1
786 29199885 35116 0
787 29235001 8544 0
788 29243545 9468 0
789 29253013 8604 0
790 29275158 48364 0
791 29323522 10442 0
792 29333964 14719 0
793 29348683 12025 0
794 29360708 48669 0
795 29409377 15560 0
796 29424937 17772 0
797 29442709 15686 0
798 29458395 50555 0
799 29508950 17263 0
800 29539755 18032 0
801 29557787 15380 0
802 29573167 42922 0
803 29616089 14226 0
804 29630315 17449 0
805 29647764 16620 0
806 29664384 41490 0
807 29705874 15100 0
808 29720974 32522 0
809 29753496 13786 0
810 29779977 15023 0
811 29795000 12756 0
812 29807756 28550 0
813 29836306 10722 0
814 29847028 71455 1
815 29918483 27296 0
816 29945779 9880 0
817 29955659 10449 0
818 29966108 9063 0
819 29975171 31599 0
820 30020311 11828 0
821 30032139 13675 0
822 30045814 11308 0
823 30057122 32112 0
824 30089234 11865 0
825 30101099 15135 0
826 30116234 11101 0
827 30127335 31500 0
828 30158835 11034 0
829 30169869 14226 0
830 30197636 12986 0
831 30210622 33053 0
832 30243675 12599 0
833 30256274 12599 0
834 30268873 11373 0
835 30280246 40517 0
836 30320763 11496 0
837 30332259 11626 0
838 30343885 32238 0
839 30376123 12327 0
840 30401145 14586 0
841 30415731 12437 0
842 30428168 25398 0
843 30453566 57974 1
844 30511540 20668 0
845 30532208 8426 0
846 30540634 26475 0
847 30567109 8213 0
848 30575322 11537 0
849 30586859 8493 0
850 30608894 34997 0
851 30643891 10744 0
852 30654635 14176 0
853 30668811 12408 0
854 30681219 43763 0
855 30724982 14873 0
856 30739855 17661 0
857 30757516 14538 0
858 30772054 37470 0
859 30809524 14640 0
860 30837762 44965 0
861 30882727 14220 0
862 30896947 16061 0
863 30913008 45894 0
864 30958902 17003 0
865 30975905 17019 0
866 30992924 15352 0
867 31008276 45832 0
868 31054108 20284 0
869 31074392 22594 0
870 31109624 21028 0
871 31130652 51126 0
872 31181778 95589 1
873 31277367 37043 0
874 31314410 11537 0
875 31325947 13867 0
876 31339814 10784 0
877 31350598 35184 0
878 31385782 13226 0
879 31399008 16122 0
880 31428697 13155 0
881 31441852 46855 0
882 31488707 15752 0
883 31504459 18776 0
884 31523235 15751 0
885 31538986 55212 0
886 31594198 17465 0
887 31611663 22019 0
888 31633682 19024 0
889 31652706 53087 0
890 31719309 16549 0
891 31735858 18680 0
892 31754538 15129 0
893 31769667 54770 0
894 31824437 16116 0
895 31840553 18645 0
896 31859198 16656 0
897 31875854 53737 0
898 31929591 17296 0
899 31946887 18678 0
900 31978260 15510 0
901 31993770 92082 1
902 32085852 36185 0
903 32122037 10783 0
904 32132820 13653 0
905 32146473 10000 0
906 32156473 49996 0
907 32206469 15016 0
908 32221485 15776 0
909 32237261 13096 0
910 32263898 45612 0
911 32309510 12586 0
912 32322096 15472 0
913 32337568 13670 0
914 32351238 47103 0
915 32398341 19501 0
916 32417842 21308 0
917 32439150 14464 0
918 32453614 66057 0
919 32519671 17123 0
920 32549489 21166 0
921 32570655 18347 0
922 32589002 58367 0
923 32647369 18988 0
924 32666357 19929 0
925 32686286 17764 0
926 32704050 56743 0
927 32760793 17598 0
928 32778391 19192 0
929 32797583 16741 0
930 32827865 102366 1
931 32930231 34230 0
932 32964461 11625 0
933 32976086 13576 0
934 32989662 12528 0
935 33002190 38953 0
936 33041143 13883 0
937 33055026 16455 0
938 33071481 13675 0
939 33085156 52519 0
940 33151310 19690 0
941 33171000 23356 0
942 33194356 20322 0
943 33214678 42641 0
944 33257319 17427 0
945 33274746 51285 0
946 33326031 19281 0
947 33345312 19841 0
948 33365153 16408 0
949 33381561 57246 0
950 33451409 17837 0
951 33469246 20478 0
952 33489724 14262 0
953 33503986 81322 1
954 33585308 40187 0
955 33625495 13892 0
956 33639387 14104 0
957 33653491 11515 0
958 33665006 39260 0
959 33704266 11502 0
960 33729309 13232 0
961 33742541 11492 0
962 33754033 50225 0
963 33804258 14735 0
964 33818993 16198 0
965 33835191 13902 0
966 33849093 47579 0
967 33896672 14299 0
968 33910971 15599 0
969 33926570 14967 0
970 33955078 50159 0
971 34005237 14345 0
972 34019582 17119 0
973 34036701 15074 0
974 34051775 49878 0
975 34101653 17113 0
976 34118766 17703 0
977 34136469 14938 0
978 34151407 51261 0
979 34202668 16759 0
980 34232122 17016 0
981 34249138 14763 0
982 34263901 127846 1
983 34391747 31292 0
984 34423039 10180 0
985 34433219 12441 0
986 34445660 10610 0
987 34456270 39787 0
988 34496057 12989 0
989 34509046 14766 0
990 34537437 13987 0
991 34551424 48368 0
992 34599792 15547 0
993 34615339 16988 0
994 34632327 15269 0
995 34647596 58133 0
996 34705729 17032 0
997 34722761 56178 0
998 34778939 18716 0
999 34797655 20118 0
1000 34831231 17001 0
1001 34848232 56595 0
1002 34904827 17115 0
1003 34921942 20240 0
1004 34942182 17868 0
1005 34960050 63069 0
1006 35023119 20225 0
1007 35043344 23627 0
1008 35066971 21360 0
1009 35088331 61068 0
1010 35162094 18639 0
1011 35180733 112524 1
1012 35293257 33059 0
1013 35326316 14377 0
1014 35340693 15700 0
1015 35356393 13965 0
1016 35370358 46519 0
1017 35416877 17840 0
1018 35434717 20686 0
1019 35455403 17881 0
1020 35486893 44610 0
1021 35531503 18106 0
1022 35549609 19555 0
1023 35569164 18003 0
1024 35587167 52772 0
1025 35639939 17884 0
1026 35657823 19766 0
1027 35677589 15424 0
1028 35693013 54402 0
1029 35747415 17441 0
1030 35777483 18633 0
1031 35796116 16106 0
1032 35812222 58701 0
1033 35870923 19850 0
1034 35890773 19412 0
1035 35910185 16407 0
1036 35926592 61343 0
1037 35987935 18113 0
1038 36006048 19549 0
1039 36025597 15715 0
1040 36054854 108506 1
1041 36163360 41936 0
1042 36205296 12057 0
1043 36217353 13684 0
1044 36231037 10562 0
1045 36241599 44420 0
1046 36286019 11028 0
1047 36297047 15267 0
1048 36312314 12254 0
1049 36324568 61610 0
1050 36399719 14633 0
1051 36414352 19049 0
1052 36433401 19613 0
1053 36453014 53994 0
1054 36507008 11991 0
1055 36518999 15486 0
1056 36534485 25291 0
1057 36559776 56071 0
1058 36615847 14051 0
1059 36629898 18409 0
1060 36661002 14948 0
1061 36675950 64948 0
1062 36740898 18283 0
1063 36759181 22247 0
1064 36781428 22554 0
1065 36803982 68219 0
1066 36872201 25016 0
1067 36897217 21967 0
1068 36919184 19675 0
1069 36938859 145596 1
1070 37097996 48872 0
1071 37146868 11775 0
1072 37158643 12732 0
1073 37171375 9740 0
1074 37181115 48263 0
1075 37229378 12007 0
1076 37241385 12612 0
1077 37253997 72706 1
1078 37326703 31033 0
1079 37357736 2592 0
1080 37373870 3927 0
1081 37377797 4002 0
1082 37381799 38290 0
1083 37420089 3150 0
1084 37423239 4655 0
1085 37427894 5966 0
1086 37433860 36091 0
1087 37469951 2805 0
1088 37472756 3404 0
1089 37476160 2832 0
1090 37491687 36442 0
1091 37528129 3482 0
1092 37531611 3606 0
1093 37535217 2850 0
1094 37538067 44293 0
1095 37582360 3277 0
1096 37585637 3942 0
1097 37589579 3609 0
1098 37593188 43853 0
1099 37637041 3335 0
1100 37653917 4267 0
1101 37658184 3697 0
1102 37661881 52122 0
1103 37714003 3757 0
1104 37717760 4201 0
1105 37721961 4317 0
1106 37726278 123412 1
1107 37849690 36007 0
1108 37885697 4043 0
1109 37889740 5164 0
1110 37908445 45481 0
1111 37953926 7736 0
1112 37961662 7784 0
1113 37969446 8022 0
1114 37977468 62508 0
1115 38039976 8761 0
1116 38048737 8390 0
1117 38057127 8399 0
1118 38065526 63918 0
1119 38129444 10597 0
1120 38152736 10336 0
1121 38163072 10487 0
1122 38173559 67195 0
1123 38240754 10118 0
1124 38250872 10436 0
1125 38261308 10034 0
1126 38271342 84991 0
1127 38356333 12738 0
1128 38369071 13551 0
1129 38382622 12682 0
1130 38408846 80190 0
1131 38489036 16252 0
1132 38505288 14577 0
1133 38519865 15599 0
1134 38535464 60838 0
1135 38596302 166371 1
1136 38762673 48568 0
1137 38811241 4660 0
1138 38815901 49429 0
1139 38865330 5462 0
1140 38884333 9977 0
1141 38894310 7924 0
1142 38902234 44431 0
1143 38946665 50635 1
1144 38997300 29509 0
1145 39026809 5769 0
1146 39032578 8207 0
1147 39040785 5672 0
1148 39046457 40164 0
1149 39086621 7308 0
1150 39106624 8854 0
1151 39115478 7546 0
1152 39123024 42106 0
1153 39165130 7940 0
1154 39173070 9632 0
1155 39182702 7289 0
1156 39189991 51980 0
1157 39241971 9824 0
1158 39251795 12933 0
1159 39264728 12832 0
1160 39291101 57225 0
1161 39348326 12082 0
1162 39360408 13537 0
1163 39373945 13698 0
1164 39387643 54284 0
1165 39441927 10269 0
1166 39452196 11581 0
1167 39463777 12296 0
1168 39476073 67914 0
1169 39543987 13205 0
1170 39569887 12735 0
1171 39582622 9540 0
1172 39592162 127877 1
1173 39720039 46351 0
1174 39766390 7782 0
1175 39774172 9471 0
1176 39783643 8885 0
1177 39792528 57204 0
1178 39849732 12806 0
1179 39862538 13326 0
1180 39889406 11781 0
1181 39901187 64990 0
1182 39966177 15777 0
1183 39981954 17128 0
1184 39999082 15209 0
1185 40014291 71640 0
1186 40085931 15802 0
1187 40101733 16882 0
1188 40118615 16169 0
1189 40134784 81257 0
1190 40229582 18011 0
1191 40247593 20594 0
1192 40268187 18955 0
1193 40287142 88997 0
1194 40376139 28232 0
1195 40404371 26774 0
1196 40431145 27166 0
1197 40458311 94935 0
1198 40553246 21787 0
1199 40575033 21843 0
1200 40609571 13863 0
1201 40623434 167163 1
1202 40790597 52767 0
1203 40843364 14937 0
1204 40858301 15052 0
1205 40873353 13101 0
1206 40886454 60386 0
1207 40946840 12897 0
1208 40959737 14298 0
1209 40974035 12087 0
1210 40999663 72501 0
1211 41072164 15091 0
1212 41087255 16014 0
1213 41103269 18043 0
1214 41121312 73551 0
1215 41194863 20780 0
1216 41215643 20577 0
1217 41236220 18327 0
1218 41254547 80407 0
1219 41334954 18032 0
1220 41366528 17835 0
1221 41384363 14937 0
1222 41399300 95977 0
1223 41495277 20177 0
1224 41515454 22422 0
1225 41537876 21401 0
1226 41559277 107245 0
1227 41666522 26689 0
1228 41693211 28011 0
1229 41721222 28125 0
1230 41762042 182473 1
1231 41944515 50833 0
1232 41995348 8026 0
1233 42003374 10130 0
1234 42013504 9499 0
1235 42023003 85454 0
1236 42108457 18478 0
1237 42126935 19670 0
1238 42146605 19406 0
1239 42166011 82764 1
1240 42262316 34395 0
1241 42296711 5449 0
1242 42302160 5636 0
1243 42307796 5935 0
1244 42313731 39216 0
1245 42352947 8603 0
1246 42361550 10487 0
1247 42372037 9656 0
1248 42381693 27472 0
1249 42409165 4925 0
1250 42427631 5546 0
1251 42433177 13067 0
1252 42446244 35125 0
1253 42481369 7176 0
1254 42488545 7750 0
1255 42496295 6753 0
1256 42503048 43829 0
1257 42546877 8264 0
1258 42555141 9799 0
1259 42564940 8657 0
1260 42586292 49889 0
1261 42636181 7610 0
1262 42643791 7768 0
1263 42651559 6581 0
1264 42658140 50220 0
1265 42708360 5828 0
1266 42714188 6390 0
1267 42720578 6299 0
1268 42726877 125834 1
1269 42852711 32912 0
1270 42899165 6778 0
1271 42905943 6637 0
1272 42912580 5543 0
1273 42918123 46183 0
1274 42964306 9052 0
1275 42973358 9172 0
1276 42982530 9050 0
1277 42991580 55373 0
1278 43046953 11267 0
1279 43058220 11911 0
1280 43082843 11163 0
1281 43094006 64749 0
1282 43158755 13194 0
1283 43171949 13222 0
1284 43185171 13948 0
1285 43199119 78225 0
1286 43277344 20035 0
1287 43297379 22872 0
1288 43320251 24799 0
1289 43345050 72968 0
1290 43431542 24270 0
1291 43455812 24368 0
1292 43480180 21564 0
1293 43501744 85579 0
1294 43587323 24861 0
1295 43612184 22507 0
1296 43634691 20767 0
1297 43655458 183441 1
1298 43838899 34993 0
1299 43873892 7646 0
1300 43895109 8214 0
1301 43903323 8530 0
1302 43911853 63025 0
1303 43974878 13946 0
1304 43988824 13546 0
1305 44002370 12191 0
1306 44014561 57737 0
1307 44072298 12499 0
1308 44084797 11965 0
1309 44096762 12061 0
1310 44121488 64831 0
1311 44186319 16332 0
1312 44202651 17363 0
1313 44220014 16137 0
1314 44236151 82373 0
1315 44318524 24018 0
1316 44342542 20381 0
1317 44362923 20114 0
1318 44383037 96370 0
1319 44479407 27994 0
1320 44521033 25743 0
1321 44546776 125408 1
1322 44672184 53266 0
1323 44725450 13307 0
1324 44738757 14813 0
1325 44753570 12766 0
1326 44766336 58964 0
1327 44825300 14858 0
1328 44840158 15883 0
1329 44856041 12648 0
1330 44882140 64810 0
1331 44946950 13987 0
1332 44960937 16220 0
1333 44977157 17289 0
1334 44994446 51407 0
1335 45045853 13838 0
1336 45059691 13767 0
1337 45073458 11834 0
1338 45085292 59720 0
1339 45145012 11446 0
1340 45169153 10531 0
1341 45179684 9525 0
1342 45189209 67023 0
1343 45256232 12982 0
1344 45269214 14506 0
1345 45283720 14817 0
1346 45298537 72760 0
1347 45371297 16123 0
1348 45387420 18998 0
1349 45406418 19850 0
1350 45439809 162174 1
1351 45601983 44297 0
1352 45646280 11165 0
1353 45657445 13376 0
1354 45670821 11719 0
1355 45682540 51391 0
1356 45733931 15258 0
1357 45749189 17365 0
1358 45766554 16339 0
1359 45782893 62652 0
1360 45859087 17257 0
1361 45876344 19165 0
1362 45895509 16281 0
1363 45911790 62062 0
1364 45973852 18377 0
1365 45992229 21019 0
1366 46013248 20260 0
1367 46033508 60286 0
1368 46093794 19614 0
1369 46113408 21541 0
1370 46147644 19605 0
1371 46167249 72557 0
1372 46239806 22200 0
1373 46262006 23467 0
1374 46285473 20066 0
1375 46305539 73979 0
1376 46379518 19115 0
1377 46398633 22522 0
1378 46421155 22962 0
1379 46444117 153389 1
1380 46611093 47613 0
1381 46658706 9948 0
1382 46668654 11914 0
1383 46680568 9582 0
1384 46690150 57212 0
1385 46747362 13053 0
1386 46760415 16843 0
1387 46777258 15570 0
1388 46792828 63117 0
1389 46855945 21167 0
1390 46890645 23438 0
1391 46914083 17984 0
1392 46932067 71259 0
1393 47003326 21808 0
1394 47025134 23749 0
1395 47048883 17584 0
1396 47066467 65072 0
1397 47131539 18615 0
1398 47150154 19050 0
1399 47169204 19641 0
1400 47201502 67582 0
1401 47269084 21401 0
1402 47290485 24485 0
1403 47314970 20969 0
1404 47335939 64163 0
1405 47400102 19124 0
1406 47419226 18560 0
1407 47437786 16875 0
1408 47454661 131633 1
1409 47586294 39480 0
1410 47639316 8640 0
1411 47647956 11656 0
1412 47659612 11063 0
1413 47670675 43378 0
1414 47714053 11549 0
1415 47725602 14101 0
1416 47739703 12459 0
1417 47752162 46812 0
1418 47798974 12931 0
1419 47811905 17625 0
1420 47842225 14239 0
1421 47856464 51747 0
1422 47908211 17180 0
1423 47925391 18873 0
1424 47944264 16935 0
1425 47961199 49523 0
1426 48010722 15803 0
1427 48026525 17249 0
1428 48043774 13009 0
1429 48056783 51291 0
1430 48121615 14525 0
1431 48136140 18714 0
1432 48154854 14914 0
1433 48169768 50413 0
1434 48220181 15043 0
1435 48235224 16188 0
1436 48251412 12364 0
1437 48263776 67644 1
1438 48331420 42971 0
1439 48374391 17642 0
1440 48405574 19409 0
1441 48424983 16373 0
1442 48441356 44881 0
1443 48486237 11248 0
1444 48497485 13719 0
1445 48511204 8379 0
1446 48519583 41521 0
1447 48561104 9755 0
1448 48570859 12388 0
1449 48583247 9328 0
1450 48605270 44905 0
1451 48650175 10046 0
1452 48660221 14766 0
1453 48674987 9324 0
1454 48684311 43474 0
1455 48727785 11335 0
1456 48739120 14831 0
1457 48753951 11010 0
1458 48764961 46282 0
1459 48811243 12337 0
1460 48837122 17061 0
1461 48854183 11226 0
1462 48865409 45464 0
1463 48910873 11775 0
1464 48922648 15580 0
1465 48938228 12018 0
1466 48950246 70714 1
1467 49020960 33114 0
1468 49054074 9382 0
1469 49063456 12402 0
1470 49089399 9828 0
1471 49099227 41901 0
1472 49141128 14619 0
1473 49155747 14516 0
1474 49170263 12832 0
1475 49183095 45033 0
1476 49228128 14617 0
1477 49242745 16331 0
1478 49259076 13794 0
1479 49272870 46854 0
1480 49332495 15597 0
1481 49348092 18238 0
1482 49366330 15195 0
1483 49381525 49731 0
1484 49431256 17555 0
1485 49448811 19910 0
1486 49468721 16825 0
1487 49485546 44224 0
1488 49529770 14145 0
1489 49543915 12741 0
1490 49570121 15132 0
1491 49585253 41833 0
1492 49627086 15103 0
1493 49642189 17714 0
1494 49659903 15040 0
1495 49674943 75749 1
1496 49750692 32460 0
1497 49783152 7288 0
1498 49790440 8196 0
1499 49798636 7573 0
1500 49819751 37790 0
1501 49857541 7813 0
1502 49865354 9641 0
1503 49874995 9205 0
1504 49884200 40697 0
1505 49924897 10598 0
1506 49935495 10693 0
1507 49946188 8824 0
1508 49955012 41961 0
1509 49996973 10205 0
1510 50019873 9885 0
1511 50029758 10188 0
1512 50039946 50225 0
1513 50090171 14363 0
1514 50104534 15901 0
1515 50120435 13127 0
1516 50133562 60213 0
1517 50193775 17827 0
1518 50211602 17533 0
1519 50229135 17496 0
1520 50260172 58373 0
1521 50318545 15573 0
1522 50334118 15893 0
1523 50350011 18009 0
1524 50368020 138088 1
1525 50506108 26162 0
1526 50532270 5258 0
1527 50537528 6026 0
1528 50543554 8851 0
1529 50552405 37055 0
1530 50603081 9942 0
1531 50613023 10769 0
1532 50623792 10328 0
1533 50634120 40341 0
1534 50674461 11991 0
1535 50686452 18846 0
1536 50705298 12886 0
1537 50718184 50985 0
1538 50769169 16508 0
1539 50785677 18127 0
1540 50816419 17562 0
1541 50833981 49070 0
1542 50883051 13465 0
1543 50896516 14577 0
1544 50911093 15932 0
1545 50927025 56777 0
1546 50983802 16241 0
1547 51000043 17459 0
1548 51017502 16217 0
1549 51033719 57182 0
1550 51104443 17493 0
1551 51121936 19668 0
1552 51141604 20299 0
1553 51161903 152453 1
1554 51314356 38253 0
1555 51352609 11117 0
1556 51363726 11099 0
1557 51374825 12708 0
1558 51387533 42971 0
1559 51430504 13906 0
1560 51457105 12257 0
1561 51469362 12371 0
1562 51481733 52346 0
1563 51534079 14931 0
1564 51549010 15200 0
1565 51564210 15088 0
1566 51579298 54146 0
1567 51633444 16969 0
1568 51650413 18957 0
1569 51669370 18514 0
1570 51701425 62613 0
1571 51764038 22219 0
1572 51786257 23132 0
1573 51809389 23158 0
1574 51832547 60447 0
1575 51892994 21722 0
1576 51914716 23287 0
1577 51938003 22264 0
1578 51960267 65566 0
1579 52025833 22486 0
1580 52061940 24621 0
1581 52086561 22317 0
1582 52108878 157089 1
1583 52265967 39428 0
1584 52305395 12011 0
1585 52317406 13856 0
1586 52331262 11696 0
1587 52342958 46629 0
1588 52389587 17814 0
1589 52407401 18417 0
1590 52438433 15460 0
1591 52453893 48183 0
1592 52502076 15225 0
1593 52517301 14196 0
1594 52531497 16070 0
1595 52547567 62953 1
1596 52610520 27648 0
1597 52638168 7121 0
1598 52645289 16901 0
1599 52662190 62344 0
1600 52738076 17152 0
1601 52755228 19177 0
1602 52774405 20368 0
1603 52794773 63609 0
1604 52858382 24115 0
1605 52882497 28988 0
1606 52911485 26515 0
1607 52938000 72643 0
1608 53010643 25444 0
1609 53036087 29504 0
1610 53079132 27485 0
1611 53106617 129120 1
1612 53235737 40760 0
1613 53276497 22238 0
1614 53298735 22709 0
1615 53321444 20125 0
1616 53341569 35006 0
1617 53376575 17153 0
1618 53393728 18830 0
1619 53412558 14503 0
1620 53439756 29774 0
1621 53469530 15068 0
1622 53484598 17649 0
1623 53502247 14957 0
1624 53517204 27341 0
1625 53544545 108690 1
1626 53653235 53842 0
1627 53707077 15215 0
1628 53722292 16346 0
1629 53738638 15970 0
1630 53768149 47305 0
1631 53815454 13696 0
1632 53829150 12469 0
1633 53841619 10926 0
1634 53852545 61002 0
1635 53913547 15843 0
1636 53929390 15159 0
1637 53944549 15443 0
1638 53959992 65148 0
1639 54025140 16709 0
1640 54055391 18388 0
1641 54073779 18804 0
1642 54092583 80810 0
1643 54173393 20648 0
1644 54194041 20330 0
1645 54214371 19806 0
1646 54234177 68861 0
1647 54303038 18181 0
1648 54321219 19393 0
1649 54340612 19576 0
1650 54372883 64403 0
1651 54437286 20995 0
1652 54458281 26669 0
1653 54484950 20931 0
1654 54505881 160866 1
1655 54666747 50100 0
1656 54716847 20769 0
1657 54737616 22399 0
1658 54760015 18542 0
1659 54778557 65175 0
1660 54857273 24162 0
1661 54881435 24840 0
1662 54906275 20447 0
1663 54926722 75391 0
1664 55002113 22925 0
1665 55025038 27537 0
1666 55052575 25614 0
1667 55078189 74095 0
1668 55152284 17547 0
1669 55169831 17119 0
1670 55199645 15035 0
1671 55214680 94053 0
1672 55308733 20393 0
1673 55329126 23230 0
1674 55352356 24787 0
1675 55377143 83806 0
1676 55460949 24300 0
1677 55485249 23509 0
1678 55508758 24839 0
1679 55533597 78902 0
1680 55626130 24061 0
1681 55650191 23956 0
1682 55674147 21458 0
1683 55695605 163113 1
1684 55858718 60026 0
1685 55918744 17766 0
1686 55936510 16702 0
1687 55953212 15089 0
1688 55968301 76971 0
1689 56045272 18930 0
1690 56077654 17653 0
1691 56095307 12855 0
1692 56108162 83675 0
1693 56191837 18642 0
1694 56210479 21286 0
1695 56231765 19388 0
1696 56251153 99111 0
1697 56350264 25121 0
1698 56375385 25331 0
1699 56400716 27586 0
1700 56440997 59634 0
1701 56500631 39255 0
1702 56539886 58960 0
1703 56598846 13363 0
1704 56612209 13396 0
1705 56625605 11525 0
1706 56637130 66153 0
1707 56703283 13745 0
1708 56717028 14427 0
1709 56731455 13588 0
1710 56758584 74241 0
1711 56832825 16341 0
1712 56849166 185831 1
1713 57034997 58575 0
1714 57093572 11885 0
1715 57105457 13314 0
1716 57118771 12133 0
1717 57130904 77862 0
1718 57208766 19529 0
1719 57228295 20303 0
1720 57262139 19298 0
1721 57281437 66820 0
1722 57348257 19443 0
1723 57367700 22336 0
1724 57390036 18913 0
1725 57408949 69149 0
1726 57478098 20912 0
1727 57499010 27914 0
1728 57526924 24806 0
1729 57551730 90273 0
1730 57654698 30456 0
1731 57685154 31427 0
1732 57716581 29822 0
1733 57746403 97987 0
1734 57844390 26334 0
1735 57870724 29167 0
1736 57899891 24120 0
1737 57924011 73351 0
1738 57997362 23389 0
1739 58020751 29187 0
1740 58063480 27604 0
1741 58091084 154128 1
1742 58245212 43149 0
1743 58288361 15365 0
1744 58303726 18593 0
1745 58322319 13965 0
1746 58336284 60626 0
1747 58396910 18866 0
1748 58415776 22478 0
1749 58438254 20836 0
1750 58472631 56299 0
1751 58528930 20090 0
1752 58549020 23623 0
1753 58572643 20527 0
1754 58593170 55812 0
1755 58648982 16964 0
1756 58665946 21137 0
1757 58687083 21232 0
1758 58708315 60172 0
1759 58768487 20833 0
1760 58802015 24720 0
1761 58826735 19997 0
1762 58846732 71656 0
1763 58918388 26847 0
1764 58945235 27154 0
1765 58972389 25583 0
1766 58997972 66726 0
1767 59064698 21347 0
1768 59086045 21456 0
1769 59107501 18507 0
1770 59139649 141973 1
1771 59281622 38569 0
1772 59320191 10397 0
1773 59330588 34317 1
1774 59364905 29357 0
1775 59394262 6937 0
1776 59401199 10665 0
1777 59411864 6569 0
1778 59418433 28516 0
1779 59446949 6533 0
1780 59466924 8762 0
1781 59475686 5261 0
1782 59480947 33331 0
1783 59514278 6291 0
1784 59520569 8380 0
1785 59528949 5052 0
1786 59534001 31673 0
1787 59565674 5782 0
1788 59571456 7812 0
1789 59579268 7614 0
1790 59599577 36511 0
1791 59636088 8448 0
1792 59644536 8671 0
1793 59653207 6868 0
1794 59660075 34031 0
1795 59694106 6791 0
1796 59700897 6918 0
1797 59707815 6966 0
1798 59714781 35787 0
1799 59750568 6570 0
1800 59770679 8554 0
1801 59779233 8032 0
1802 59787265 78007 1
1803 59865272 27701 0
1804 59892973 7125 0
1805 59900098 13296 0
1806 59913394 6615 0
1807 59920009 30295 0
1808 59950304 9022 0
1809 59959326 10615 0
1810 59982680 8431 0
1811 59991111 35324 0
1812 60026435 10765 0
1813 60037200 11267 0
1814 60048467 10619 0
1815 60059086 38173 0
1816 60097259 10980 0
1817 60108239 10582 0
1818 60118821 10296 0
1819 60129117 39704 0
1820 60182318 12994 0
1821 60195312 14413 0
1822 60209725 12415 0
1823 60222140 38246 0
1824 60260386 10979 0
1825 60271365 9396 0
1826 60280761 8736 0
1827 60289497 42402 0
1828 60331899 12492 0
1829 60344391 19172 0
1830 60377105 17891 0
1831 60394996 103514 1
1832 60498510 30729 0
1833 60529239 69664 1
1834 60598903 33169 0
1835 60632072 4015 0
1836 60636087 5424 0
1837 60641511 5494 0
1838 60647005 28673 0
1839 60675678 8158 0
1840 60696531 8482 0
1841 60705013 6517 0
1842 60711530 43659 0
1843 60755189 8385 0
1844 60763574 8781 0
1845 60772355 6690 0
1846 60779045 39914 0
1847 60818959 7760 0
1848 60826719 7717 0
1849 60834436 5594 0
1850 60853633 42165 0
1851 60895798 6166 0
1852 60901964 6410 0
1853 60908374 4641 0
1854 60913015 38541 0
1855 60951556 5975 0
1856 60957531 7319 0
1857 60964850 5620 0
1858 60970470 46646 0
1859 61017116 7403 0
1860 61037998 8030 0
1861 61046028 6381 0
1862 61052409 115085 1
1863 61167494 47828 0
1864 61215322 8010 0
1865 61223332 9700 0
1866 61233032 9827 0
1867 61242859 51195 0
1868 61294054 10018 0
1869 61304072 10813 0
1870 61327580 10135 0
1871 61337715 34049 0
1872 61371764 24017 0
1873 61395781 44090 0
1874 61439871 13248 0
1875 61453119 13443 0
1876 61466562 13333 0
1877 61479895 53688 0
1878 61533583 15576 0
1879 61549159 17087 0
1880 61579788 17116 0
1881 61596904 75494 0
1882 61672398 23479 0
1883 61695877 23722 0
1884 61719599 22697 0
1885 61742296 72610 0
1886 61814906 23842 0
1887 61838748 21382 0
1888 61860130 22867 0
1889 61882997 74397 0
1890 61970935 22559 0
1891 61993494 144918 1
1892 62138412 38851 0
1893 62177263 9893 0
1894 62187156 10691 0
1895 62197847 9620 0
1896 62207467 63495 0
1897 62270962 16331 0
1898 62287293 16180 0
1899 62303473 13856 0
1900 62330024 70219 0
1901 62400243 18602 0
1902 62418845 18740 0
1903 62437585 16481 0
1904 62454066 77419 0
1905 62531485 22578 0
1906 62554063 21530 0
1907 62575593 19599 0
1908 62595192 82024 0
1909 62677216 26302 0
1910 62717059 27948 0
1911 62745007 27310 0
1912 62772317 71534 0
1913 62843851 25106 0
1914 62868957 25592 0
1915 62894549 25860 0
1916 62920409 75001 0
1917 62995410 23979 0
1918 63019389 26593 0
1919 63045982 25861 0
1920 63084538 161528 1
1921 63246066 36436 0
1922 63282502 13751 0
1923 63296253 14584 0
1924 63310837 12667 0
1925 63323504 52092 0
1926 63375596 13133 0
1927 63388729 15813 0
1928 63404542 15014 0
1929 63419556 56272 0
1930 63489370 18292 0
1931 63507662 20327 0
1932 63527989 18375 0
1933 63546364 66948 0
1934 63613312 25142 0
1935 63638454 26121 0
1936 63664575 23935 0
1937 63688510 71869 0
1938 63760379 24737 0
1939 63785116 25620 0
1940 63824277 22587 0
1941 63846864 82453 0
1942 63929317 28201 0
1943 63957518 27544 0
1944 63985062 24569 0
1945 64009631 75823 0
1946 64085454 27470 0
1947 64112924 28762 0
1948 64141686 27150 0
1949 64168836 165389 1
1950 64346920 37852 0
1951 64384772 8626 0
1952 64393398 10606 0
1953 64404004 12254 0
1954 64416258 48322 0
1955 64464580 15166 0
1956 64479746 15148 0
1957 64494894 14567 0
1958 64509461 63585 0
1959 64573046 19126 0
1960 64605713 19501 0
1961 64625214 17965 0
1962 64643179 62596 0
1963 64705775 17462 0
1964 64723237 19163 0
1965 64742400 17682 0
1966 64760082 74905 0
1967 64834987 24184 0
1968 64859171 24645 0
1969 64883816 22781 0
1970 64920139 91307 0
1971 65011446 22228 0
1972 65033674 27508 0
1973 65061182 23469 0
1974 65084651 90855 0
1975 65175506 24442 0
1976 65199948 26758 0
1977 65226706 23851 0
1978 65250557 182937 1
1979 65433494 40133 0
1980 65486322 9261 0
1981 65495583 10214 0
1982 65505797 9321 0
1983 65515118 57158 0
1984 65572276 10287 0
1985 65582563 11324 0
1986 65593887 11607 0
1987 65605494 62494 0
1988 65667988 14727 0
1989 65682715 16703 0
1990 65712959 17380 0
1991 65730339 72666 0
1992 65803005 19251 0
1993 65822256 20725 0
1994 65842981 19202 0
1995 65862183 69875 0
1996 65932058 20730 0
1997 65952788 23599 0
1998 65976387 21412 0
1999 65997799 78401 0
2000 66089741 24176 0
2001 66113917 27140 0
2002 66141057 25985 0
2003 66167042 75123 0
2004 66242165 24944 0
2005 66267109 26464 0
2006 66293573 22826 0
2007 66316399 150530 1
2008 66466929 44872 0
2009 66511801 8543 0
2010 66533039 10995 0
2011 66544034 11766 0
2012 66555800 50654 0
2013 66606454 16506 0
2014 66622960 14505 0
2015 66637465 10483 0
2016 66647948 62947 0
2017 66710895 16726 0
2018 66727621 16898 0
2019 66744519 12048 0
2020 66770109 68834 0
2021 66838943 15824 0
2022 66854767 16169 0
2023 66870936 15028 0
2024 66885964 77463 0
2025 66963427 17399 0
2026 66980826 17647 0
2027 66998473 14787 0
2028 67013260 81910 0
2029 67095170 19186 0
2030 67127897 22099 0
2031 67149996 20510 0
2032 67170506 86375 0
2033 67256881 21779 0
2034 67278660 20718 0
2035 67299378 20827 0
2036 67320205 158992 1
2037 67479197 44077 0
2038 67523274 7928 0
2039 67531202 9173 0
2040 67553070 8732 0
2041 67561802 60601 0
2042 67622403 10920 0
2043 67633323 11440 0
2044 67644763 11084 0
2045 67655847 80230 0
2046 67736077 12456 0
2047 67748533 15132 0
2048 67763665 13341 0
2049 67777006 84812 0
2050 67875359 15221 0
2051 67890580 17473 0
2052 67908053 16479 0
2053 67924532 83391 0
2054 68007923 19494 0
2055 68027417 19329 0
2056 68046746 19075 0
2057 68065821 92149 0
2058 68157970 20216 0
2059 68178186 22477 0
2060 68213358 20808 0
2061 68234166 101465 0
2062 68335631 27955 0
2063 68363586 26764 0
2064 68390350 24876 0
2065 68415226 190139 1
2066 68605365 43854 0
2067 68649219 7982 0
2068 68657201 9385 0
2069 68666586 8705 0
2070 68688833 52831 0
2071 68741664 8878 0
2072 68750542 88572 1
2073 68839114 24370 0
2074 68863484 5012 0
2075 68868496 6096 0
2076 68874592 5859 0
2077 68880451 48833 0
2078 68929284 8446 0
2079 68937730 8389 0
2080 68959789 9029 0
2081 68968818 47850 0
2082 69016668 10633 0
2083 69027301 9087 0
2084 69036388 10757 0
2085 69047145 48642 0
2086 69095787 10239 0
2087 69106026 11874 0
2088 69117900 9297 0
2089 69127197 63568 0
2090 69203331 9870 0
2091 69213201 10477 0
2092 69223678 9284 0
2093 69232962 68629 0
2094 69301591 9231 0
2095 69310822 9499 0
2096 69320321 10015 0
2097 69330336 69897 0
2098 69400233 9285 0
2099 69409518 9871 0
2100 69432930 9323 0
2101 69442253 150971 1
2102 69593224 37621 0
2103 69630845 8023 0
2104 69638868 7110 0
2105 69645978 7774 0
2106 69653752 54164 0
2107 69707916 8729 0
2108 69716645 9223 0
2109 69725868 8519 0
2110 69747929 65435 0
2111 69813364 12428 0
2112 69825792 13076 0
2113 69838868 13981 0
2114 69852849 70676 0
2115 69923525 16438 0
2116 69939963 17288 0
2117 69957251 17859 0
2118 69975110 84366 0
2119 70059476 21828 0
2120 70093999 23176 0
2121 70117175 23327 0
2122 70140502 89103 0
2123 70229605 22328 0
2124 70251933 23651 0
2125 70275584 23739 0
2126 70299323 86261 0
2127 70385584 25693 0
2128 70411277 25070 0
2129 70436347 26792 0
2130 70476680 167368 1
2131 70644048 47979 0
2132 70692027 13182 0
2133 70705209 15025 0
2134 70720234 13203 0
2135 70733437 58424 0
2136 70791861 15824 0
2137 70807685 17589 0
2138 70825274 16567 0
2139 70841841 72585 0
2140 70927967 19443 0
2141 70947410 20989 0
2142 70968399 18398 0
2143 70986797 67308 0
2144 71054105 18932 0
2145 71073037 21065 0
2146 71094102 18757 0
2147 71112859 75635 0
2148 71188494 22746 0
2149 71211240 22765 0
2150 71246700 21618 0
2151 71268318 45970 0
2152 71314288 5035 0
2153 71319323 6717 0
2154 71326040 37835 0
2155 71363875 10354 0
2156 71374229 10871 0
2157 71385100 10795 0
2158 71395895 38164 0
2159 71434059 94657 1
2160 71542258 31766 0
2161 71574024 8041 0
2162 71582065 9418 0
2163 71591483 9316 0
2164 71600799 36508 0
2165 71637307 12686 0
2166 71649993 13501 0
2167 71663494 12254 0
2168 71675748 44888 0
2169 71720636 12717 0
2170 71746048 13224 0
2171 71759272 11961 0
2172 71771233 49008 0
2173 71820241 12893 0
2174 71833134 22939 0
2175 71856073 6621 0
2176 71862694 52624 0
2177 71915318 14925 0
2178 71930243 16336 0
2179 71946579 14688 0
2180 71974808 57808 0
2181 72032616 17179 0
2182 72049795 16449 0
2183 72066244 15592 0
2184 72081836 59380 0
2185 72141216 18747 0
2186 72159963 18992 0
2187 72178955 18812 0
2188 72197767 114388 1
2189 72312155 27757 0
2190 72353453 8469 0
2191 72361922 9179 0
2192 72371101 10313 0
2193 72381414 35868 0
2194 72417282 10207 0
2195 72427489 12730 0
2196 72440219 11209 0
2197 72451428 52899 0
2198 72504327 15274 0
2199 72519601 16123 0
2200 72548419 16372 0
2201 72564791 55066 0
2202 72619857 15967 0
2203 72635824 18793 0
2204 72654617 18847 0
2205 72673464 61198 0
2206 72734662 20857 0
2207 72755519 22446 0
2208 72777965 20897 0
2209 72798862 60309 0
2210 72872713 20454 0
2211 72893167 21387 0
2212 72914554 20495 0
2213 72935049 68950 0
2214 73003999 23788 0
2215 73027787 23983 0
2216 73051770 22044 0
2217 73073814 121750 1
2218 73195564 32771 0
2219 73228335 8619 0
2220 73250495 9481 0
2221 73259976 9308 0
2222 73269284 42308 0
2223 73311592 11654 0
2224 73323246 12351 0
2225 73335597 12292 0
2226 73347889 52571 0
2227 73400460 15343 0
2228 73415803 15767 0
2229 73431570 15515 0
2230 73459780 54690 0
2231 73514470 18705 0
2232 73533175 19313 0
2233 73552488 18661 0
2234 73571149 59374 0
2235 73630523 17052 0
2236 73647575 18547 0
2237 73666122 22271 0
2238 73688393 66503 0
2239 73754896 21438 0
2240 73789875 20681 0
2241 73810556 20467 0
2242 73831023 67828 0
2243 73898851 23686 0
2244 73922537 26869 0
2245 73949406 26659 0
2246 73976065 128622 1
2247 74104687 33423 0
2248 74138110 7813 0
2249 74145923 26128 0
2250 74185656 6365 0
2251 74192021 6216 0
2252 74198237 6335 0
2253 74204572 31026 0
2254 74235598 7957 0
2255 74243555 9677 0
2256 74253232 8768 0
2257 74262000 40280 0
2258 74302280 13805 0
2259 74316085 15278 0
2260 74343995 13343 0
2261 74357338 48353 0
2262 74405691 18658 0
2263 74424349 17552 0
2264 74441901 14295 0
2265 74456196 28268 0
2266 74484464 7549 0
2267 74492013 8918 0
2268 74500931 18174 0
2269 74519105 40950 0
2270 74573596 11776 0
2271 74585372 12668 0
2272 74598040 11424 0
2273 74609464 40676 0
2274 74650140 13389 0
2275 74663529 100358 1
2276 74763887 29204 0
2277 74793091 9114 0
2278 74802205 8907 0
2279 74811112 7298 0
2280 74831951 34153 0
2281 74866104 10909 0
2282 74877013 11237 0
2283 74888250 10675 0
2284 74898925 43019 0
2285 74941944 14092 0
2286 74956036 14987 0
2287 74971023 14169 0
2288 74985192 49551 0
2289 75034743 18421 0
2290 75065859 17544 0
2291 75083403 16319 0
2292 75099722 57338 0
2293 75157060 21955 0
2294 75179015 21429 0
2295 75200444 19271 0
2296 75219715 62315 0
2297 75282030 23752 0
2298 75305782 25024 0
2299 75330806 23288 0
2300 75367636 58689 0
2301 75426325 25266 0
2302 75451591 23649 0
2303 75475240 24235 0
2304 75499475 124400 1
2305 75623875 33389 0
2306 75657264 10838 0
2307 75668102 11620 0
2308 75679722 11052 0
2309 75690774 43736 0
2310 75747205 15142 0
2311 75762347 15138 0
2312 75777485 13990 0
2313 75791475 57437 0
2314 75848912 20939 0
2315 75869851 21626 0
2316 75891477 19701 0
2317 75911178 65111 0
2318 75976289 24382 0
2319 76000671 26925 0
2320 76041137 24586 0
2321 76065723 74379 0
2322 76140102 33411 0
2323 76173513 34501 0
2324 76208014 32328 0
2325 76240342 68392 0
2326 76308734 5525 0
2327 76314259 7325 0
2328 76321584 9159 0
2329 76330743 51099 0
2330 76395461 8875 0
2331 76404336 10299 0
2332 76414635 9975 0
2333 76424610 175861 1
2334 76600471 24848 0
2335 76625319 4100 0
2336 76629419 4185 0
2337 76633604 4180 0
2338 76637784 48358 0
2339 76686142 8026 0
2340 76706785 8626 0
2341 76715411 10565 0
2342 76725976 53208 0
2343 76779184 13118 0
2344 76792302 14637 0
2345 76806939 12315 0
2346 76819254 79418 0
2347 76898672 21822 0
2348 76920494 20387 0
2349 76940881 18765 0
2350 76973188 84607 0
2351 77057795 25305 0
2352 77083100 25425 0
2353 77108525 27460 0
2354 77135985 103564 0
2355 77239549 33752 0
2356 77273301 38151 0
2357 77311452 38313 0
2358 77349765 98747 0
2359 77448512 34402 0
2360 77496455 32501 0
2361 77528956 30449 0
2362 77559405 220891 1
2363 77780296 35797 0
2364 77816093 4627 0
2365 77820720 7075 0
2366 77827795 7143 0
2367 77834938 60666 0
2368 77895604 12456 0
2369 77908060 11698 0
2370 77932453 11067 0
2371 77943520 77802 0
2372 78021322 25850 0
2373 78047172 25635 0
2374 78072807 24857 0
2375 78097664 82450 0
2376 78180114 26395 0
2377 78206509 28299 0
2378 78234808 27629 0
2379 78262437 95368 0
2380 78371346 25751 0
2381 78397097 24517 0
2382 78421614 22549 0
2383 78444163 110280 0
2384 78554443 29137 0
2385 78583580 31996 0
2386 78615576 35624 0
2387 78651200 110477 0
2388 78761677 38481 0
2389 78800158 37509 0
2390 78851209 34992 0
2391 78886201 249694 1
2392 79135895 39565 0
2393 79175460 6971 0
2394 79182431 7271 0
2395 79189702 6898 0
2396 79196600 56489 0
2397 79253089 9668 0
2398 79262757 10331 0
2399 79273088 9603 0
2400 79295386 81223 0
2401 79376609 16570 0
2402 79393179 18057 0
2403 79411236 15212 0
2404 79426448 85770 0
2405 79512218 17074 0
2406 79529292 18318 0
2407 79547610 19091 0
2408 79566701 93988 0
2409 79660689 25122 0
2410 79699352 26646 0
2411 79725998 25490 0
2412 79751488 120955 0
2413 79872443 33756 0
2414 79906199 30509 0
2415 79936708 29627 0
2416 79966335 133781 0
2417 80100116 49947 0
2418 80150063 48177 0
2419 80198240 47067 0
2420 80258848 274403 1
2421 80533251 53231 0
2422 80586482 8554 0
2423 80595036 8992 0
2424 80604028 10004 0
2425 80614032 67503 0
2426 80681535 12035 0
2427 80693570 12431 0
2428 80706001 13645 0
2429 80719646 80551 0
2430 80812892 18352 0
2431 80831244 21288 0
2432 80852532 19081 0
2433 80871613 91906 0
2434 80963519 21396 0
2435 80984915 20223 0
2436 81005138 18644 0
2437 81023782 102375 0
2438 81126157 26783 0
2439 81152940 27834 0
2440 81194316 31276 0
2441 81225592 128101 1
2442 81353693 54047 0
2443 81407740 7785 0
2444 81415525 8290 0
2445 81423815 9039 0
2446 81432854 60705 0
2447 81493559 10055 0
2448 81503614 10149 0
2449 81513763 10094 0
2450 81536552 77809 0
2451 81614361 13533 0
2452 81627894 14777 0
2453 81642671 13749 0
2454 81656420 85996 0
2455 81742416 16441 0
2456 81758857 18571 0
2457 81777428 17390 0
2458 81794818 100215 0
2459 81895033 24172 0
2460 81932746 25016 0
2461 81957762 24269 0
2462 81982031 87965 0
2463 82069996 21239 0
2464 82091235 23466 0
2465 82114701 22761 0
2466 82137462 78473 0
2467 82215935 20429 0
2468 82236364 22816 0
2469 82259180 21457 0
2470 82294178 178831 1
2471 82473009 47294 0
2472 82520303 11467 0
2473 82531770 13866 0
2474 82545636 12689 0
2475 82558325 64227 0
2476 82622552 20064 0
2477 82642616 21756 0
2478 82664372 19396 0
2479 82683768 60780 0
2480 82757287 20933 0
2481 82778220 22561 0
2482 82800781 20786 0
2483 82821567 65380 0
2484 82886947 20124 0
2485 82907071 23136 0
2486 82930207 19626 0
2487 82949833 58688 0
2488 83008521 15343 0
2489 83023864 20670 0
2490 83058032 21650 0
2491 83079682 40904 0
2492 83120586 55093 0
2493 83175679 15012 0
2494 83190691 17826 0
2495 83208517 13232 0
2496 83221749 67556 0
2497 83289305 17013 0
2498 83306318 14284 0
2499 83320602 136533 1
2500 83470676 30308 0
2501 83500984 5187 0
2502 83506171 5050 0
2503 83511221 4896 0
2504 83516117 59049 0
2505 83575166 10368 0
2506 83585534 11190 0
2507 83596724 8986 0
2508 83605710 60575 0
2509 83666285 11639 0
2510 83690619 12236 0
2511 83702855 11423 0
2512 83714278 76294 0
2513 83790572 14105 0
2514 83804677 14020 0
2515 83818697 15495 0
2516 83834192 78223 0
2517 83912415 14652 0
2518 83927067 15822 0
2519 83942889 14360 0
2520 83970790 107615 0
2521 84078405 21048 0
2522 84099453 20291 0
2523 84119744 16263 0
2524 84136007 81183 0
2525 84217190 63244 1
2526 84280434 38874 0
2527 84319308 13002 0
2528 84332310 14965 0
2529 84347275 12322 0
2530 84373139 43044 0
2531 84416183 15690 0
2532 84431873 16946 0
2533 84448819 12967 0
2534 84461786 44158 0
2535 84505944 13868 0
2536 84519812 14471 0
2537 84534283 13271 0
2538 84547554 51123 0
2539 84598677 14413 0
2540 84625785 16291 0
2541 84642076 15209 0
2542 84657285 56357 0
2543 84713642 16927 0
2544 84730569 17870 0
2545 84748439 15561 0
2546 84764000 60195 0
2547 84824195 18057 0
2548 84842252 18925 0
2549 84861177 17734 0
2550 84892452 57439 0
2551 84949891 14537 0
2552 84964428 16212 0
2553 84980640 14758 0
2554 84995398 114400 1
2555 85109798 36931 0
2556 85146729 10331 0
2557 85157060 11776 0
2558 85168836 11070 0
2559 85179906 41553 0
2560 85234154 12253 0
2561 85246407 12931 0
2562 85259338 11172 0
2563 85270510 27796 0
2564 85298306 15457 0
2565 85313763 41434 0
2566 85355197 10255 0
2567 85365452 11422 0
2568 85376874 10209 0
2569 85387083 51932 0
2570 85452556 11913 0
2571 85464469 13861 0
2572 85478330 13942 0
2573 85492272 51656 0
2574 85543928 15499 0
2575 85559427 17105 0
2576 85576532 17339 0
2577 85593871 58156 0
2578 85652027 19856 0
2579 85671883 21388 0
2580 85706813 18576 0
2581 85725389 55627 0
2582 85781016 16934 0
2583 85797950 112373 1
2584 85910323 37373 0
2585 85947696 10095 0
2586 85957791 10842 0
2587 85968633 9901 0
2588 85978534 40578 0
2589 86019112 11853 0
2590 86043660 12160 0
2591 86055820 12493 0
2592 86068313 46154 0
2593 86114467 14337 0
2594 86128804 15473 0
2595 86144277 14319 0
2596 86158596 50645 0
2597 86209241 14908 0
2598 86224149 17855 0
2599 86242004 17439 0
2600 86272984 52174 0
2601 86325158 19111 0
2602 86344269 20665 0
2603 86364934 19896 0
2604 86384830 47094 0
2605 86431924 18305 0
2606 86450229 19820 0
2607 86470049 17114 0
2608 86487163 57752 0
2609 86544915 19685 0
2610 86578141 19725 0
2611 86597866 20167 0
2612 86618033 108624 1
2613 86726657 33359 0
2614 86760016 11697 0
2615 86771713 13048 0
2616 86784761 11686 0
2617 86796447 43891 0
2618 86840338 14295 0
2619 86854633 14712 0
2620 86882040 12705 0
2621 86894745 49457 0
2622 86944202 17147 0
2623 86961349 19379 0
2624 86980728 18018 0
2625 86998746 52004 0
2626 87050750 16742 0
2627 87067492 18701 0
2628 87086193 17232 0
2629 87103425 62789 0
2630 87179756 19376 0
2631 87199132 21485 0
2632 87220617 20361 0
2633 87240978 53468 0
2634 87294446 20557 0
2635 87315003 20386 0
2636 87335389 19803 0
2637 87355192 53127 0
2638 87408319 19064 0
2639 87427383 20006 0
2640 87460930 19634 0
2641 87480564 104034 1
2642 87584598 33155 0
2643 87617753 11773 0
2644 87629526 13634 0
2645 87643160 12020 0
2646 87655180 43196 0
2647 87698376 13597 0
2648 87711973 15516 0
2649 87727489 14631 0
2650 87754815 53122 0
2651 87807937 17845 0
2652 87825782 19129 0
2653 87844911 17295 0
2654 87862206 55112 0
2655 87917318 17846 0
2656 87935164 19160 0
2657 87954324 16939 0
2658 87971263 58248 0
2659 88029511 18257 0
2660 88061309 20483 0
2661 88081792 18522 0
2662 88100314 56167 0
2663 88156481 19795 0
2664 88176276 21007 0
2665 88197283 19000 0
2666 88216283 63792 0
2667 88280075 22261 0
2668 88302336 23466 0
2669 88325802 23164 0
2670 88362534 207274 1
2671 88569808 40540 0
2672 88610348 8675 0
2673 88619023 8295 0
2674 88627318 9579 0
2675 88636897 61235 0
2676 88698132 10994 0
2677 88709126 12233 0
2678 88721359 12776 0
2679 88734135 69852 0
2680 88816656 16114 0
2681 88832770 14291 0
2682 88847061 13471 0
2683 88860532 76848 0
2684 88937380 18942 0
2685 88956322 19508 0
2686 88975830 21891 0
2687 88997721 88040 0
2688 89085761 25294 0
2689 89111055 26020 0
2690 89150616 25154 0
2691 89175770 117288 0
2692 89293058 35536 0
2693 89328594 35043 0
2694 89363637 32402 0
2695 89396039 106364 0
2696 89502403 29877 0
2697 89532280 29283 0
2698 89561563 32987 0
2699 89594550 254975 1
2700 89862220 47442 0
2701 89909662 8885 0
2702 89918547 8499 0
2703 89927046 8552 0
2704 89935598 62393 0
2705 89997991 9999 0
2706 90007990 10322 0
2707 90018312 13275 0
2708 90031587 79066 0
2709 90110653 20347 0
2710 90144541 19897 0
2711 90164438 19390 0
2712 90183828 40394 0
2713 90224222 2317 0
2714 90226539 28878 0
2715 90255417 41779 0
2716 90297196 8466 0
2717 90305662 7992 0
2718 90313654 6824 0
2719 90320478 60043 0
2720 90394063 9313 0
2721 90403376 9621 0
2722 90412997 11608 0
2723 90424605 68446 0
2724 90493051 16900 0
2725 90509951 16539 0
2726 90526490 15660 0
2727 90542150 87744 0
2728 90629894 184500 1
2729 90814394 35625 0
2730 90862714 6544 0
2731 90869258 8443 0
2732 90877701 7933 0
2733 90885634 53646 0
2734 90939280 11845 0
2735 90951125 10808 0
2736 90961933 9438 0
2737 90971371 63594 0
2738 91034965 15108 0
2739 91050073 15217 0
2740 91078831 14587 0
2741 91093418 69568 0
2742 91162986 17452 0
2743 91180438 18091 0
2744 91198529 16516 0
2745 91215045 87464 0
2746 91302509 22593 0
2747 91325102 20535 0
2748 91345637 19201 0
2749 91364838 103001 0
2750 91481437 25325 0
2751 91506762 27087 0
2752 91533849 34099 0
2753 91567948 109237 0
2754 91677185 37979 0
2755 91715164 35904 0
2756 91751068 34060 0
2757 91785128 234674 1
2758 92019802 45724 0
2759 92065526 8517 0
2760 92086681 9017 0
2761 92095698 9878 0
2762 92105576 54391 0
2763 92159967 10313 0
2764 92170280 11406 0
2765 92181686 10792 0
2766 92192478 76086 0
2767 92268564 16689 0
2768 92285253 16698 0
2769 92301951 14760 0
2770 92330253 82002 0
2771 92412255 21311 0
2772 92433566 21187 0
2773 92454753 22813 0
2774 92477566 89989 0
2775 92567555 25652 0
2776 92593207 26974 0
2777 92620181 26184 0
2778 92646365 115251 0
2779 92761616 35096 0
2780 92810253 31123 0
2781 92841376 30144 0
2782 92871520 133295 0
2783 93004815 51001 0
2784 93055816 50510 0
2785 93106326 48096 0
2786 93154422 251530 1
2787 93405952 49645 0
2788 93455597 10569 0
2789 93466166 10096 0
2790 93488957 9190 0
2791 93498147 58533 0
2792 93556680 10339 0
2793 93567019 10313 0
2794 93577332 11505 0
2795 93588837 86684 0
2796 93675521 19842 0
2797 93695363 22279 0
2798 93717642 22333 0
2799 93739975 86254 0
2800 93839770 23899 0
2801 93863669 86667 1
2802 93950336 40628 0
2803 93990964 8417 0
2804 93999381 9117 0
2805 94008498 9831 0
2806 94018329 56070 0
2807 94074399 11173 0
2808 94085572 13069 0
2809 94098641 11576 0
2810 94122912 60169 0
2811 94183081 13827 0
2812 94196908 14597 0
2813 94211505 13708 0
2814 94225213 63983 0
2815 94289196 15138 0
2816 94304334 16133 0
2817 94320467 16218 0
2818 94336685 67825 0
2819 94404510 18513 0
2820 94436565 21067 0
2821 94457632 19864 0
2822 94477496 76513 0
2823 94554009 23618 0
2824 94577627 25385 0
2825 94603012 23755 0
2826 94626767 72611 0
2827 94699378 21195 0
2828 94720573 22469 0
2829 94743042 21194 0
2830 94777777 136413 1
2831 94914190 45213 0
2832 94959403 10699 0
2833 94970102 11885 0
2834 94981987 11258 0
2835 94993245 54582 0
2836 95047827 12928 0
2837 95060755 13395 0
2838 95074150 11679 0
2839 95085829 58147 0
2840 95156671 12545 0
2841 95169216 13385 0
2842 95182601 12292 0
2843 95194893 65246 0
2844 95260139 15828 0
2845 95275967 17307 0
2846 95293274 16477 0
2847 95309751 79872 0
2848 95389623 27536 0
2849 95417159 28072 0
2850 95458772 27092 0
2851 95485864 84818 0
2852 95570682 25316 0
2853 95595998 25185 0
2854 95621183 22738 0
2855 95643921 90660 0
2856 95734581 27287 0
2857 95761868 29910 0
2858 95791778 28407 0
2859 95820185 161968 1
2860 95995695 39958 0
2861 96035653 7038 0
2862 96042691 8118 0
2863 96050809 7921 0
2864 96058730 53058 0
2865 96111788 9436 0
2866 96121224 9786 0
2867 96131010 10477 0
2868 96141487 68966 0
2869 96210453 18480 0
2870 96241628 18919 0
2871 96260547 17555 0
2872 96278102 72217 0
2873 96350319 17902 0
2874 96368221 19376 0
2875 96387597 18954 0
2876 96406551 85144 0
2877 96491695 23930 0
2878 96515625 26628 0
2879 96542253 25187 0
2880 96580981 97728 0
2881 96678709 31189 0
2882 96709898 32010 0
2883 96741908 33153 0
2884 96775061 145174 1
2885 96920235 57347 0
2886 96977582 11295 0
2887 96988877 11412 0
2888 97000289 9722 0
2889 97010011 66591 0
2890 97090143 16828 0
2891 97106971 16760 0
2892 97123731 15155 0
2893 97138886 70378 0
2894 97209264 16404 0
2895 97225668 17974 0
2896 97243642 16753 0
2897 97260395 87858 0
2898 97348253 19590 0
2899 97367843 20309 0
2900 97400847 17470 0
2901 97418317 91223 0
2902 97509540 16158 0
2903 97525698 18776 0
2904 97544474 21081 0
2905 97565555 92932 0
2906 97658487 21878 0
2907 97680365 21623 0
2908 97701988 19169 0
2909 97721157 94424 0
2910 97829123 18136 0
2911 97847259 16444 0
2912 97863703 14378 0
2913 97878081 229128 1
2914 98107209 40228 0
2915 98147437 5563 0
2916 98153000 5941 0
2917 98158941 5850 0
2918 98164791 66959 0
2919 98231750 11817 0
2920 98257108 11574 0
2921 98268682 9908 0
2922 98278590 68972 0
2923 98347562 9601 0
2924 98357163 10579 0
2925 98367742 12173 0
2926 98379915 80399 0
2927 98460314 16037 0
2928 98476351 17340 0
2929 98493691 16461 0
2930 98522847 107608 0
2931 98630455 24959 0
2932 98655414 19553 0
2933 98674967 19931 0
2934 98694898 100455 0
2935 98795353 29510 0
2936 98824863 30104 0
2937 98854967 30573 0
2938 98885540 96785 0
2939 98982325 24694 0
2940 99020560 24819 0
2941 99045379 22925 0
2942 99068304 271714 1
2943 99340018 49033 0
2944 99389051 6693 0
2945 99395744 8415 0
2946 99404159 8811 0
2947 99412970 70997 0
2948 99483967 15979 0
2949 99499946 17620 0
2950 99530261 15389 0
2951 99545650 80281 0
2952 99625931 15312 0
2953 99641243 15179 0
2954 99656422 11997 0
2955 99668419 86919 0
2956 99755338 16199 0
2957 99771537 17986 0
2958 99789523 18556 0
2959 99808079 82967 0
2960 99904588 17702 0
2961 99922290 20746 0
2962 99943036 19753 0
2963 99962789 114589 0
2964 100077378 28056 0
2965 100105434 27283 0
2966 100132717 23583 0
2967 100156300 116546 0
2968 100272846 29851 0
2969 100302697 30371 0
2970 100346609 33398 0
2971 100380007 252911 1
2972 100632918 51185 0
2973 100684103 7773 0
2974 100691876 7337 0
2975 100699213 6743 0
2976 100705956 68558 0
2977 100774514 9947 0
2978 100784461 11932 0
2979 100796393 14846 0
2980 100823934 70111 0
2981 100894045 12937 0
2982 100906982 12282 0
2983 100919264 10943 0
2984 100930207 103589 0
2985 101033796 22394 0
2986 101056190 19022 0
2987 101075212 18080 0
2988 101093292 110846 0
2989 101204138 25768 0
2990 101243447 28702 0
2991 101272149 30645 0
2992 101302794 113653 0
2993 101416447 29247 0
2994 101445694 36103 0
2995 101481797 37302 0
2996 101519099 118490 0
2997 101637589 32022 0
2998 101669611 208037 1
2999 101877648 74601 0
3000 101965791 19774 0
3001 101985565 18852 0
3002 102004417 8323 0
3003 102012740 68000 0
3004 102080740 10061 0
3005 102090801 14015 0
3006 102104816 13638 0
3007 102118454 86523 0
3008 102204977 22036 0
3009 102227013 18295 0
3010 102258003 73354 0
3011 102331357 20552 0
3012 102351909 17183 0
3013 102369092 18762 0
3014 102387854 73239 0
3015 102461093 14378 0
3016 102475471 18459 0
3017 102493930 20571 0
3018 102514501 65749 0
3019 102580250 13892 0
3020 102607699 13422 0
3021 102621121 19393 0
3022 102640514 70002 0
3023 102710516 14359 0
3024 102724875 15301 0
3025 102740176 16785 0
3026 102756961 42751 0
3027 102799712 133890 1
3028 102933602 42056 0
3029 102975658 11706 0
3030 103000889 11050 0
3031 103011939 12119 0
3032 103024058 48251 0
3033 103072309 10166 0
3034 103082475 11548 0
3035 103094023 12621 0
3036 103106644 57438 0
3037 103164082 16124 0
3038 103180206 18270 0
3039 103198476 15741 0
3040 103226912 56352 0
3041 103283264 17975 0
3042 103301239 14683 0
3043 103315922 15882 0
3044 103331804 54218 0
3045 103386022 12568 0
3046 103398590 16855 0
3047 103415445 68616 1
3048 103484061 48071 0
3049 103532132 10399 0
3050 103556073 14630 0
3051 103570703 14212 0
3052 103584915 49075 0
3053 103633990 14131 0
3054 103648121 13742 0
3055 103661863 11608 0
3056 103673471 63095 0
3057 103736566 15079 0
3058 103751645 14888 0
3059 103766533 13629 0
3060 103793703 85101 0
3061 103878804 17729 0
3062 103896533 20295 0
3063 103916828 19952 0
3064 103936780 87259 0
3065 104024039 24408 0
3066 104048447 24030 0
3067 104072477 22156 0
3068 104094633 69126 0
3069 104163759 16381 0
3070 104192865 16560 0
3071 104209425 15593 0
3072 104225018 66996 0
3073 104292014 13373 0
3074 104305387 13419 0
3075 104318806 13493 0
3076 104332299 198642 1
3077 104530941 72903 0
3078 104603844 12692 0
3079 104616536 12885 0
3080 104642932 13284 0
3081 104656216 97322 0
3082 104753538 17880 0
3083 104771418 20571 0
3084 104791989 18158 0
3085 104810147 88949 0
3086 104899096 16723 0
3087 104915819 19819 0
3088 104935638 19531 0
3089 104955169 81530 0
3090 105049394 13631 0
3091 105063025 15275 0
3092 105078300 15345 0
3093 105093645 84704 0
3094 105178349 14299 0
3095 105192648 15530 0
3096 105208178 14852 0
3097 105223030 76099 1
3098 105299129 27469 0
3099 105326598 5856 0
3100 105345996 7881 0
3101 105353877 6077 0
3102 105359954 35701 0
3103 105395655 6707 0
3104 105402362 8059 0
3105 105410421 5972 0
3106 105416393 42909 0
3107 105459302 6311 0
3108 105465613 7587 0
3109 105473200 6533 0
3110 105493274 51142 0
3111 105544416 7825 0
3112 105552241 8562 0
3113 105560803 6558 0
3114 105567361 51277 0
3115 105618638 6708 0
3116 105625346 6972 0
3117 105632318 5463 0
3118 105637781 50987 0
3119 105688768 5778 0
3120 105707241 6096 0
3121 105713337 5013 0
3122 105718350 43779 0
3123 105762129 4390 0
3124 105766519 5872 0
3125 105772391 4776 0
3126 105777167 136529 1
3127 105913696 37600 0
3128 105951296 4710 0
3129 105956006 5863 0
3130 105975410 5678 0
3131 105981088 47103 0
3132 106028191 5544 0
3133 106033735 6601 0
3134 106040336 5696 0
3135 106046032 43810 0
3136 106089842 5775 0
3137 106095617 6485 0
3138 106102102 5143 0
3139 106107245 39669 0
3140 106160456 6152 0
3141 106166608 6938 0
3142 106173546 6192 0
3143 106179738 48359 0
3144 106228097 7181 0
3145 106235278 7186 0
3146 106242464 5598 0
3147 106248062 48793 0
3148 106296855 5728 0
3149 106302583 7094 0
3150 106322405 6947 0
3151 106329352 44930 0
3152 106374282 6450 0
3153 106380732 7254 0
3154 106387986 7148 0
3155 106395134 175361 1
3156 106570495 40309 0
3157 106610804 5343 0
3158 106616147 6096 0
3159 106622243 5162 0
3160 106640913 40217 0
3161 106681130 5529 0
3162 106686659 5981 0
3163 106692640 5649 0
3164 106698289 54866 0
3165 106753155 6502 0
3166 106759657 7735 0
3167 106767392 6069 0
3168 106773461 45884 0
3169 106819345 6563 0
3170 106839449 7640 0
3171 106847089 6653 0
3172 106853742 59093 0
3173 106912835 9903 0
3174 106922738 8741 0
3175 106931479 8026 0
3176 106939505 67198 0
3177 107006703 11172 0
3178 107017875 12459 0
3179 107030334 8681 0
3180 107051710 69357 0
3181 107121067 13753 0
3182 107134820 14398 0
3183 107149218 10952 0
3184 107160170 212910 1
3185 107373080 38729 0
3186 107411809 3031 0
3187 107414840 3510 0
3188 107418350 3155 0
3189 107421505 39369 0
3190 107474416 4076 0
3191 107478492 116569 1
3192 107595061 49208 0
3193 107644269 4248 0
3194 107648517 5262 0
3195 107653779 5396 0
3196 107659175 63727 0
3197 107722902 3412 0
3198 107726314 44091 0
3199 107770405 3463 0
3200 107786563 4675 0
3201 107791238 3990 0
3202 107795228 39175 0
3203 107834403 3805 0
3204 107838208 3603 0
3205 107841811 3607 0
3206 107845418 48576 0
3207 107893994 4497 0
3208 107898491 5487 0
3209 107903978 5255 0
3210 107922774 57415 0
3211 107980189 5687 0
3212 107985876 5686 0
3213 107991562 4634 0
3214 107996196 51018 0
3215 108047214 4660 0
3216 108051874 5484 0
3217 108057358 4364 0
3218 108061722 45946 0
3219 108107668 2346 0
3220 108123555 189600 1
3221 108313155 32047 0
3222 108345202 2990 0
3223 108348192 3470 0
3224 108351662 3138 0
3225 108354800 42397 0
3226 108397197 5475 0
3227 108402672 5893 0
3228 108408565 5609 0
3229 108414174 49677 0
3230 108476546 7234 0
3231 108483780 7603 0
3232 108491383 6622 0
3233 108498005 50725 0
3234 108548730 6883 0
3235 108555613 7273 0
3236 108562886 6836 0
3237 108569722 57734 0
3238 108627456 8058 0
3239 108635514 8725 0
3240 108657781 9634 0
3241 108667415 59558 0
3242 108726973 12600 0
3243 108739573 12559 0
3244 108752132 10993 0
3245 108763125 62985 0
3246 108826110 10704 0
3247 108836814 11285 0
3248 108848099 11043 0
3249 108859142 212361 1
3250 109085044 33168 0
3251 109118212 4209 0
3252 109122421 4594 0
3253 109127015 4380 0
3254 109131395 50386 0
3255 109181781 5828 0
3256 109187609 5959 0
3257 109193568 5192 0
3258 109198760 53929 0
3259 109252689 7530 0
3260 109272914 7557 0
3261 109280471 7243 0
3262 109287714 50821 0
3263 109338535 7587 0
3264 109346122 7898 0
3265 109354020 7997 0
3266 109362017 66831 0
3267 109428848 10857 0
3268 109439705 10783 0
3269 109450488 10397 0
3270 109474426 75649 0
3271 109550075 15819 0
3272 109565894 16460 0
3273 109582354 15707 0
3274 109598061 74604 0
3275 109672665 14315 0
3276 109686980 15341 0
3277 109702321 16860 0
3278 109719181 244901 1
3279 109964082 51681 0
3280 110029305 8267 0
3281 110037572 10503 0
3282 110048075 9798 0
3283 110057873 85250 0
3284 110143123 7339 0
3285 110150462 10256 0
3286 110160718 12015 0
3287 110172733 58063 0
3288 110230796 6435 0
3289 110237231 7288 0
3290 110257214 189445 1
3291 110446659 73510 0
3292 110520169 14628 0
3293 110534797 14457 0
3294 110549254 12469 0
3295 110561723 83962 0
3296 110645685 12578 0
3297 110658263 10606 0
3298 110668869 11296 0
3299 110680165 75178 0
3300 110768884 12512 0
3301 110781396 16408 0
3302 110797804 9598 0
3303 110807402 62265 0
3304 110869667 8743 0
3305 110878410 6278 0
3306 110884688 11882 0
3307 110896570 78116 0
3308 110974686 12421 0
3309 110987107 12556 0
3310 111013204 11739 0
3311 111024943 88366 0
3312 111113309 6799 0
3313 111120108 58411 0
3314 111178519 3411 0
3315 111181930 7184 0
3316 111189114 13650 0
3317 111202764 74424 0
3318 111277188 17645 0
3319 111294833 247524 1
3320 111555109 72238 0
3321 111627347 14750 0
3322 111642097 10437 0
3323 111652534 13579 0
3324 111666113 68114 0
3325 111734227 10122 0
3326 111744349 10938 0
3327 111755287 11746 0
3328 111767033 93840 0
3329 111860873 17250 0
3330 111891608 14514 0
3331 111906122 12965 0
3332 111919087 83911 0
3333 112002998 18368 0
3334 112021366 18051 0
3335 112039417 15447 0
3336 112054864 67777 0
3337 112122641 10031 0
3338 112132672 13712 0
3339 112146384 12651 0
3340 112171730 111922 0
3341 112283652 19101 0
3342 112302753 27147 0
3343 112329900 20520 0
3344 112350420 91853 0
3345 112442273 8747 0
3346 112451020 13103 0
3347 112464123 18462 0
3348 112482585 242607 1
3349 112725192 48848 0
3350 112787581 9872 0
3351 112797453 10466 0
3352 112807919 11351 0
3353 112819270 78996 0
3354 112898266 12690 0
3355 112910956 11999 0
3356 112922955 12482 0
3357 112935437 63593 0
3358 112999030 11722 0
3359 113010752 11792 0
3360 113036085 11339 0
3361 113047424 62984 0
3362 113110408 9763 0
3363 113120171 11637 0
3364 113131808 10262 0
3365 113142070 48489 0
3366 113190559 9994 0
3367 113200553 10059 0
3368 113210612 31134 1
3369 113241746 12227 0
3370 113266668 2749 0
3371 113269417 3013 0
3372 113272430 2331 0
3373 113274761 17373 0
3374 113292134 2588 0
3375 113294722 2896 0
3376 113297618 2651 0
3377 113300269 17009 0
3378 113317278 3349 0
3379 113320627 3337 0
3380 113337506 2674 0
3381 113340180 24997 0
3382 113365177 2801 0
3383 113367978 3394 0
3384 113371372 2840 0
3385 113374212 22451 0
3386 113396663 3133 0
3387 113399796 3413 0
3388 113403209 2664 0
3389 113405873 25686 0
3390 113445100 3221 0
3391 113448321 3682 0
3392 113452003 3698 0
3393 113455701 28161 0
3394 113483862 3201 0
3395 113487063 3818 0
3396 113490881 3113 0
3397 113493994 91183 1
3398 113585177 33701 0
3399 113618878 5501 0
3400 113637074 5092 0
3401 113642166 4577 0
3402 113646743 43432 0
3403 113690175 6827 0
3404 113697002 7321 0
3405 113704323 6081 0
3406 113710404 45733 0
3407 113756137 8670 0
3408 113764807 6628 0
3409 113771435 5867 0
3410 113790843 61035 0
3411 113851878 3740 0
3412 113855618 5580 0
3413 113861198 45163 0
3414 113906361 4842 0
3415 113911203 6285 0
3416 113917488 5235 0
3417 113922723 42490 0
3418 113965213 5600 0
3419 113970813 7604 0
3420 113992021 8974 0
3421 114000995 41614 0
3422 114042609 5508 0
3423 114048117 35612 0
3424 114083729 4202 0
3425 114087931 33985 0
3426 114121916 58416 1
3427 114180332 19832 0
3428 114200164 5211 0
3429 114205375 9036 0
3430 114221966 7223 0
3431 114229189 2765 0
3432 114231954 1626 0
3433 114233580 2875 0
3434 114236455 294 0
3435 114236749 963 0
3436 114237712 261 0
3437 114237973 2864 0
3438 114240837 2887 0
3439 114243724 988 0
3440 114258253 261 0
3441 114258514 940 0
3442 114259454 2939 0
3443 114262393 261 0
3444 114262654 266 0
