147429 3
147428 3
147431 0
147690 1
150524 2
189993 6
189992 7
297418 1
438998 7
1670876 1
1723114 0
1723114 3
1723114 7
1723113 4
1723111 2
2300200 3
2655864 7
2655863 4
2703744 6
2989975 1
2993164 3
3047402 7
3244298 0
3244298 3
3282896 7
3383407 6
3383406 4
3529429 6
3676686 3
3676687 1
3985037 0
4020686 3
4222508 0
4222508 6
4222507 2
4523341 2
4620005 6
4819224 0
4919109 3
5106429 2
5398564 0
5497361 0
5508096 1
5704912 1
5704912 7
5844451 4
5945997 1
5945995 7
5992005 1
6093584 6
6336594 6
6483644 4
6483643 3
6491121 7
7326700 3
7326699 7
7326697 6
7326701 0
7657281 3
7861034 4
8002510 1
8103994 1
8103994 6
8495146 2
8554835 7
8603857 2
8603857 7
8649065 1
8691817 3
9181302 4
9195248 7
9279665 7
9630021 5
9872992 1
9872992 3
10079903 0
10220930 4
10275620 2
10275623 7
10317960 4
10558804 4
10558808 1
10558808 7
10609085 2
10609084 6
10755691 7
10755690 4
10901279 7
11161119 6
11303388 7
11405149 5
11686668 7
11686667 2
11898702 2
11948004 1
11948008 2
11948008 7
12086732 1
12530667 3
12733514 7
12878680 0
12878680 5
12917201 6
13017064 1
13804397 3
13908149 1
13908148 5
13908146 0
13908150 1
13960755 7
13960758 3
14054438 2
14054440 1
14101785 5
14295599 5
14648614 2
14686685 4
14686686 3
14987913 4
14987912 4
15032887 4
15041669 1
15041668 0
15128910 2
15128908 5
15289278 3
15473014 3
15580446 3
15676711 4
15676714 3
15828231 5
15828233 4
16067526 4
17207285 1
17207284 5
17207283 5
17346844 7
17346847 7
17584152 6
17598098 4
17738035 1
17738039 2
17738039 7
18179023 1
18179020 2
18182846 6
18424820 2
18424820 7
18424821 4
18575502 1
18575501 2
18575505 0
18728172 7
18728170 7
18728173 7
19411071 5
19411070 0
19452067 2
19452066 7
19452068 7
19455476 4
19459086 4
19459086 6
19462186 0
19551456 2
19551456 7
19551453 4
19564153 1
19564150 6
19664237 7
19807442 4
21078400 7
21231464 5
21376216 0
21621162 3
21621161 1
21813827 5
21813825 0
22057977 7
22057975 1
22070838 3
22070838 5
22209896 4
22704943 5
22704943 7
22808287 0
22808286 6
22808286 7
22808284 2
22808288 1
22845689 6
22845688 5
22845692 3
22998604 7
23240568 3
23240567 3
23240567 4
23395160 0
23436077 7
23436079 4
23681518 2
23681522 1
23690680 3
23690679 0
23782790 7
23984560 1
23984558 5
24035935 4
24141614 1
24182667 1
24182666 0
24182670 7
24475736 7
24567639 5
24567636 6
24620186 3
24628283 3
24720013 2
24816608 5
24816607 1
24825378 3
24825378 6
24915556 2
24915553 7
24961904 3
24961903 2
24961902 7
24961905 1
25057784 0
25057783 2
25070834 5
25070833 3
25403591 6
25403590 5
25403588 1
25506284 2
26045495 1
26045493 2
26199117 7
26431671 2
26431670 5
26585135 6
26585134 7
26644248 3
26685545 3
26878354 7
26878352 4
26878352 7
27030691 0
27627300 0
27769019 1
27906416 4
27906413 5
27918775 6
28017504 2
28017503 4
28164857 5
28304487 5
28304486 2
28575802 3
28610505 3
28705252 1
28900090 7
28900089 0
28953930 0
29041130 6
29041128 0
29148171 3
29199889 7
29333964 6
29442710 0
29442713 3
29539758 4
29779980 0
29779981 1
29836307 7
30020312 0
30032139 6
30127336 0
30127339 0
30268875 6
30268874 2
30268877 3
30280248 2
30415731 5
30428168 1
30668812 5
30809528 0
30809528 3
30913010 6
30913009 2
30913009 7
30913008 6
30913008 7
31008278 7
31008280 4
31109627 1
31109626 3
31350599 7
31399009 1
31504462 5
31504461 3
31504463 1
31652706 4
31754540 3
31840556 7
31840554 3
31840554 5
31946888 7
31993770 5
31993770 7
32085853 1
32085856 4
32237262 5
32337569 7
32398344 0
32439152 3
32439154 1
32589005 0
32589003 7
32589002 2
32589002 4
32686288 6
32778394 0
32778391 4
32778391 6
32976086 7
32976090 7
32989666 3
33071482 5
33171000 0
33171000 4
33214681 3
33214679 3
33214682 3
33274747 2
33326034 5
33326033 6
33326033 7
33365157 0
33469249 6
33469246 6
33469250 7
34005240 3
34005239 0
34005238 7
34005237 1
34005237 7
34101655 6
34151409 4
34249138 4
34445660 5
34456270 2
34496060 1
34496061 4
34551428 4
34647600 2
34848235 4
34848232 1
34942185 0
34942183 7
35043347 1
35043348 7
35088333 3
35088331 6
35088335 0
35340695 4
35340697 2
35434718 1
35434718 6
35486895 3
35587169 3
35587171 1
35677593 0
35777486 7
35777487 0
35870924 4
35870923 2
35870923 5
35926592 3
35926592 4
35926592 6
35926596 3
36025599 1
36025601 7
36217355 3
36217354 4
36312317 5
36312314 2
36324568 3
36414354 5
36414352 1
36414352 2
36414352 3
36518999 0
36518999 7
36519003 3
36559780 4
36661002 5
36759181 5
36803985 1
36803984 0
36803983 6
37097998 6
37146869 0
37146868 0
37146872 0
37158645 7
37158643 7
37254001 6
37357738 5
37420089 6
37423241 7
37491689 0
37491687 0
37653918 1
37849691 1
37889741 7
38039976 0
38240758 2
38489039 2
38489037 0
39026812 0
39115481 6
39165133 3
39165132 6
39165131 6
39264731 6
39264730 5
39360409 6
39360408 0
39360408 5
39373948 3
39373948 4
39463779 3
39569889 0
39569888 1
39569887 3
39569891 3
39766393 4
39766392 4
39766390 6
39766394 4
39901188 1
39901191 7
39999083 5
40101734 3
40101734 6
40247595 4
40404374 7
40553249 1
40553249 4
40553246 4
40790599 4
40790601 0
40843365 4
40843365 5
40843364 7
40946843 1
41087258 4
41236223 4
41236221 4
41236220 7
41236224 1
41254550 1
41334957 5
41334956 4
41384364 6
41721224 1
41721222 7
41721226 2
42013506 2
42013504 0
42023007 4
42262316 1
42361554 4
42409168 4
42555145 0
42658143 5
42658144 3
42714188 4
42852712 4
42852712 6
42899168 3
43158758 0
43199120 3
43345053 3
43501747 1
43501748 1
43587325 1
43634693 0
43634695 0
43895112 7
43895110 2
43895110 7
43895109 3
43988826 5
43988826 7
43988824 4
43988824 7
44084801 7
44186321 1
44186320 5
44383039 2
44383037 3
44383041 2
44383041 3
44479409 6
44521035 6
44521034 4
44521033 5
44672185 0
44725450 1
44725454 2
44977159 6
44977157 0
44977157 2
45073459 2
45169156 1
45169156 5
45169154 3
45169153 3
45269214 6
45371300 3
45371298 5
45406420 0
45406418 0
45601986 6
45601984 3
45657448 2
45657449 1
45749189 0
45859088 6
46093796 0
46093796 6
46239808 1
46398633 7
46444120 1
46444119 7
46747364 4
46747366 0
46792829 1
47925394 1
47925393 4
47925395 0
47961201 0
47961203 2
48010725 4
48010724 6
48010726 1
48121618 0
48121615 0
48169768 4
48220182 2
48220185 3
48263779 5
48263778 2
48263778 4
48263776 0
48263780 2
48511206 6
48519587 4
48561106 4
48561104 4
48605273 5
48605272 0
48660223 5
48660225 6
48753951 5
48811246 1
48811246 6
48811244 3
48854185 7
48950249 3
48950247 3
48950250 2
49099230 2
49099229 0
49099231 1
49141131 3
49155749 2
49155748 2
49348094 4
49348093 2
49348096 3
49448811 6
49485547 5
49585253 1
49585257 7
49642193 1
49783155 1
49783152 3
49790442 1
49790441 0
49790440 4
49790444 0
50229137 7
50229139 4
50334119 4
50674463 1
50674463 4
50674465 7
50718185 5
50718184 7
50769171 3
50911096 6
51017503 0
51017503 7
51161906 1
51352612 7
51352609 0
51363728 1
51457107 5
51549014 2
51564211 6
51564210 7
51650415 2
51892998 7
52342961 2
52342961 4
52342958 3
52342962 2
52389590 3
52389590 6
52438435 0
52438434 0
52438434 1
52438434 7
52645292 3
52645291 1
52645290 7
52738077 5
52738076 5
52738080 2
52882500 3
52882498 6
52938003 2
53036090 0
53079134 0
53079134 3
53079133 0
53276497 6
53321445 5
53321448 3
53376577 1
53376575 2
53469531 0
53469531 3
53469531 4
53469534 4
53517207 1
53722295 1
53722295 5
53722293 6
53768149 7
53815455 2
53815454 6
53929392 6
53929391 3
53959993 2
54055392 4
54055391 5
54214374 7
54214373 7
54214371 1
54214371 5
54234180 1
54303041 0
54303041 6
54303039 7
54458284 2
54458284 4
54458282 3
54458281 2
54505883 5
54505882 4
54505881 4
54906276 0
54906276 4
55152287 6
55199645 0
55485252 0
55533599 2
55533597 2
55533597 6
56077656 3
56077658 2
56231768 3
56231765 3
56375386 7
56375389 3
56625605 6
56717029 1
57105459 5
57208767 5
57262140 4
57262143 3
57408952 7
57408950 1
57408950 7
57408949 4
57551730 4
57654700 4
57844393 2
57844390 0
57899893 1
57899892 1
57899892 6
57997364 1
58091084 0
58245214 1
58288364 5
58288364 6
58336286 7
58438254 7
58528933 0
58528933 4
58528930 0
58593171 7
58687083 3
58945237 7
58972391 1
59320195 7
59364905 1
59364909 0
59466925 2
59475687 2
59475687 6
59514281 4
59520573 4
59565678 1
59571458 2
59571460 4
59707818 2
59770681 0
59865274 1
59865272 1
59920011 2
59920013 4
60209727 3
60498512 5
60498512 7
60598904 6
60647006 3
60647005 4
60647005 5
60696534 5
60696532 6
60705013 3
60901967 0
60901967 7
60901966 7
60951557 6
61233033 0
61242862 4
61479897 5
61970938 6
61970937 7
62177263 1
62177263 6
62270965 5
62418848 2
62418846 7
62418849 2
62418849 3
62868960 3
63404543 2
63546364 3
63846865 0
64723240 1
64834987 2
64883818 4
64920142 3
64920142 4
64920141 3
65515121 3
65515119 6
65572277 5
65712962 5
65803005 4
65952792 4
66544037 1
66555803 2
66555801 7
66647951 3
66647950 5
66744522 1
66744522 2
66744520 1
66744523 4
66885968 3
67013263 4
67278660 6
67479199 0
67523276 6
67622403 5
67633326 5
67777009 1
67777008 3
67875360 4
67875363 2
68213361 6
68213360 7
68213359 4
68213358 5
68657205 7
68863486 5
68959792 5
68959792 7
68959789 6
69047147 3
69095788 7
69106029 7
69106030 3
69301593 0
69301591 6
69301595 7
69442253 0
69593227 5
69593225 1
69593225 3
69593228 0
69645979 0
69645979 6
69645978 4
69747932 5
69747933 2
69838870 3
69838868 2
69838868 7
69852851 0
70094002 6
70094001 1
70140505 4
70140504 0
70140502 2
70140502 7
70229606 3
70275584 5
70385584 1
70436350 3
70476680 6
70733438 1
70733438 3
70733441 7
70825276 3
70841844 1
70927968 7
70927971 7
70968399 3
71112863 1
71268319 2
71268319 7
71314290 1
71319325 6
71363877 0
71363876 4
71856073 3
71856073 6
71946580 6
71946579 4
72049796 3
72197770 2
72197770 6
72197768 6
72440222 6
72440219 1
72548423 7
72734666 0
72893169 6
72893167 5
72935052 1
73323248 0
73533178 0
73533178 4
73571152 2
73630523 7
73922540 4
73922537 4
73976067 4
73976065 3
73976069 4
74262004 1
74316087 5
74316087 6
74357340 0
74456198 6
74456200 2
74609465 3
74663532 6
74663531 4
74663530 2
74663529 0
74763889 7
74763891 2
74763891 7
74802208 6
74802207 5
74811112 7
74898929 0
74956040 2
75099726 7
75157063 6
75157062 3
75157064 3
75200445 7
77496456 6
77816094 0
77827798 4
78021325 2
78072808 1
78072811 1
78206511 1
78206510 5
78206510 6
78206513 7
78234811 0
78262440 2
78262441 1
78262441 4
78371349 7
78371346 2
78421617 4
78421616 6
78421614 1
78421618 4
78761680 1
78761680 6
78761678 1
78761681 0
78800160 3
78800158 0
78851209 6
78851213 2
79182433 3
79189705 4
79189704 0
79189703 6
79196600 6
79253092 7
79253091 1
79253091 2
79253090 3
79253089 4
79262759 2
79262758 2
79295387 3
79393180 1
79512221 1
79512219 3
79547612 0
79547611 2
79547610 6
79547614 0
79547614 2
79660690 0
79699354 4
79751488 5
79906202 6
79936708 2
80100117 2
80100117 6
80100116 2
80100116 4
80150065 4
80198242 2
80693572 1
80719648 3
80812892 1
80831248 0
80963521 3
81126161 7
81225592 5
81353693 1
81353697 3
81407743 5
81407741 0
81407740 2
81415528 6
81415525 7
81503617 5
81503616 3
81503616 6
81513766 1
81513766 2
81513766 7
81513764 6
81758858 5
81794821 2
81895035 7
81895034 3
82091235 4
82137465 1
82137465 7
82236364 2
82236368 4
82294181 4
82294181 7
82294179 0
82294179 4
82531772 2
82545638 6
82545640 0
82683769 4
82886950 0
82886949 3
82886947 1
82886951 3
82930210 4
82930207 4
82930211 0
82930211 1
83023868 2
83023868 4
83079684 7
83079682 3
83175679 1
83575168 2
83575170 3
83666289 0
83714278 4
83714278 6
83818701 7
83912418 6
83912416 6
84217191 5
84280434 1
84461788 0
84461790 1
84461790 4
84598680 5
84598677 0
84657288 5
84657286 3
84748441 2
84842255 2
84949892 3
84949895 2
84949895 7
84995401 3
84995398 0
84995402 2
85146732 6
85234158 1
85246409 1
85298307 1
85387085 3
85543930 6
85543929 4
85593874 4
85593875 0
85725392 3
86128807 4
86128806 7
86224150 3
86325162 2
86470051 0
86760016 3
86961352 3
87067493 5
87103425 2
87355195 4
87355196 2
87460934 2
87754815 0
87754815 5
87844914 7
87844913 6
88100317 0
88100316 0
88100316 6
88627320 1
88627320 6
88627318 6
88832770 3
88832774 7
89175772 2
89175772 6
89175770 0
89175774 0
89363640 4
89363641 3
89862223 0
89862221 3
89909665 2
89909662 1
89909662 7
89909666 4
89918549 2
89918547 5
90007993 7
90007991 7
90164439 3
90164439 6
90305665 4
90493053 7
90542151 0
90542154 7
90939282 5
90939284 0
90951128 2
90951127 5
90951127 6
91034966 3
91481440 2
91481439 2
91481441 4
91533851 0
91533851 5
91533853 0
91677187 4
91785129 3
91785128 0
91785128 5
92019806 2
92019806 4
92170283 1
92170283 6
92170280 5
92268568 2
92412256 7
92567558 4
92620183 0
92620183 2
92620183 3
92761616 2
93106329 3
93106329 5
93106327 2
93106327 7
93154425 2
93154424 3
93154422 4
93405956 1
93455600 1
93455598 7
93455597 3
93556682 1
93739975 0
93739979 0
94436565 7
94577630 3
94577628 6
94777778 0
94970104 0
94970102 2
94981989 6
94981988 1
94981988 2
95275968 3
95275971 2
95417162 4
95417163 7
95458775 7
95458773 4
95458772 3
95570685 0
95570685 4
95570684 3
95570682 3
95761872 1
95761872 3
96050809 1
96350322 1
96350321 6
96542257 0
96741910 7
96741908 7
97090146 5
97138890 7
97680365 5
97829124 5
97829124 7
97878085 2
98655417 1
98655416 2
99045382 0
99045381 1
99045380 5
99395745 7
99395748 2
99404162 3
99404161 3
99404160 2
99404159 4
99499947 5
99499946 1
99499946 2
99545650 7
99545654 4
99641246 5
99789526 0
99943040 2
99943040 4
100380008 6
100632921 7
100632920 7
100774514 6
100774518 1
100823937 6
100823938 2
100919268 1
101075215 5
101075216 3
101272149 2
101416449 6
101416448 1
101519099 3
101519103 7
102004420 5
102204981 4
102351911 4
102351909 3
102387854 5
102493933 3
102640516 5
102740180 3
103082477 0
103082475 0
103180208 4
103226914 1
103331805 7
103386023 1
103532133 5
103570707 2
103673474 0
103673474 4
103766533 5
103766537 1
103916830 1
103916830 4
103916828 5
104024042 1
104024039 3
104024043 3
104072480 4
104072481 7
104163759 5
104163763 7
104305390 7
104318806 3
104318806 7
104603848 3
104753540 2
104753542 4
104810147 2
104810147 6
104899100 3
105049396 3
105093647 1
105192651 0
105299132 1
105299132 6
105395658 6
105395655 1
105395659 0
105493275 6
105544418 6
105544417 6
105632321 6
105637781 3
105688770 0
105688770 6
105688768 2
105981089 1
105981089 6
106028191 3
106033737 5
106033739 0
106033739 4
106040336 7
106089842 1
106179740 7
106179742 4
106228097 2
106228097 4
106322408 7
106322409 1
106374284 3
106616149 7
106622244 7
106767392 3
106912839 0
107160171 1
107160170 5
107414840 6
107648518 2
107653783 7
107659178 5
107659177 2
107795228 5
107845418 6
107893996 0
107893994 3
107893998 3
107898491 6
107898495 7
107903981 2
107903978 4
107996197 0
107996196 2
108047215 2
108047215 6
108051877 5
108051876 3
108345203 3
108348194 4
108483783 3
108491385 1
108491384 2
108635515 6
109085046 3
109122423 5
109122421 1
109131398 0
109131398 1
109131395 3
109181783 2
109272918 3
109280472 2
109428850 1
109474429 4
109565896 5
109719183 6
109964082 3
110057876 1
110057874 4
110057874 5
110160718 0
110160718 4
110160718 7
110549254 3
110561727 0
110645688 1
110658267 3
110797807 4
110807403 5
110896571 0
77568314 7
77813255 1
77816098 7
77820742 0
77827980 1
114237506 4
114244542 6
77496463 2
4222511 0
8445468 4
9872997 6
29148173 0
29148173 6
29148174 0
29148174 4
31993776 5
31993776 6
32827871 2
37254003 0
42166017 5
48660226 1
48660226 2
48660226 4
48660227 1
48660227 3
48660227 7
52547572 1
52547572 4
52547573 3
52547573 7
58091089 1
58091090 4
69442258 6
70476685 5
70476686 5
74663534 7
82294183 0
83320607 1
84217196 4
77528961 0
9872999 4
23436082 5
23436084 6
26199123 1
29148178 7
35180740 2
37254004 2
42166018 3
42166021 7
46444128 6
51161910 5
52547574 6
52547575 5
52547575 1
52547576 5
52547577 5
52547578 4
53544555 0
54505888 1
58091091 2
58091093 6
70476690 7
70476690 4
73976073 0
73976074 2
73976075 7
74663536 3
74663537 1
74663539 4
82294187 3
82294189 0
83320611 1
84217201 1
86618043 6
93154432 7
93154432 6
93154432 2
94777784 2
100380014 3
100380018 6
109719190 6
109719192 6
110257221 5
7020106 2
7020107 1
32827872 7
32827875 5
32827876 4
42166021 1
46444125 6
48263780 2
48263780 5
48263781 0
48263782 6
48660225 2
48660225 6
48660226 1
48660226 2
48660226 4
48660227 1
48660227 3
48660227 7
48950250 2
48950250 5
48950255 1
52547572 1
52547572 4
52547573 3
52547573 7
52547574 6
54505892 7
73976073 4
73976073 5
74663537 4
81225596 2
81225599 0
81225601 6
83320610 3
84217198 5
84995402 2
84995402 5
84995404 2
84995404 7
84995409 5
97878085 2
97878085 5
97878088 3
147432 2
147432 1
1079638 2
1124877 4
1124877 1
1670880 3
1912206 5
2703747 4
2993169 2
3529431 1
7326702 6
8592785 5
8603860 5
8940892 1
9482115 7
9576799 6
10220931 3
10609089 2
11553855 4
11695810 3
12530671 7
13262977 3
14054441 2
14295603 2
14987917 5
15828234 6
16025799 2
16067531 2
17207287 2
17738040 1
18281874 3
18424822 3
18575506 5
19452069 3
19455480 7
20006872 3
21813830 4
22070843 1
23103801 4
23984562 5
24720015 2
24961906 2
25412491 6
26685550 2
26685550 1
26878357 4
26928527 2
27769020 7
27769020 3
27906418 5
28164859 6
28953935 2
29199890 3
29333969 2
29836311 4
30020316 7
30032144 5
30567114 3
30809529 4
31399013 7
32930236 5
32930236 3
33171005 2
34496062 2
35293262 6
35293262 2
35434722 4
35486898 7
35531508 4
35677594 5
35926597 5
36025602 7
36324573 7
36661007 2
37423244 3
37885702 6
38240759 2
38382627 3
39165135 2
39264733 2
39901192 2
40404376 5
40553251 6
40886459 6
40886459 2
41087260 6
41236225 2
41384368 6
41721227 1
42409170 2
42658145 6
42658145 1
42852716 1
43988829 7
44084802 7
44479412 2
44479412 1
45073463 6
45073463 3
45073463 1
45169158 7
45657450 3
45682545 7
45682545 1
45859092 6
46690155 3
46932072 4
47335944 1
47670680 6
47725607 3
47725607 1
48169773 7
48220186 2
48220186 1
48511209 2
48561109 4
48854188 6
48854188 2
49448816 2
49585258 2
49783157 7
49790445 2
50623797 4
50674466 3
50769174 7
50911098 2
51017507 3
51121941 5
51892999 1
52638173 4
52738081 4
52938005 4
53036092 2
53079137 1
53276502 5
53276502 2
53321449 2
53722297 2
53815459 7
53959997 7
54214376 7
54906280 4
56077659 3
56758589 3
57408954 5
57551735 7
57654703 7
58438259 2
58593175 1
58687088 6
58687088 5
59364910 5
59418438 2
59520574 2
59865277 4
59865277 1
60108244 2
60598908 1
60647010 5
60696536 5
60895803 3
60901969 7
62177268 3
63310842 4
63546369 3
63985067 2
64141691 7
64834992 6
65515123 2
65712964 6
65952793 5
66544039 1
67633328 7
67777011 1
69106031 5
69301596 2
69645983 6
70229610 7
70436352 7
70436352 6
70733442 2
70927972 2
71073042 2
71211245 2
71946584 2
72440224 1
72548424 1
72734667 2
73533180 7
73571154 7
74262005 2
74609469 4
74802210 5
75157065 6
75451596 7
78072812 7
78262442 2
78421619 2
78761682 6
78761682 5
79393184 6
79393184 3
79411241 1
80812897 6
81023787 7
81126162 2
81513768 3
81627899 7
81794823 2
81895038 6
82683773 4
82778225 6
82778225 1
82930212 5
83120591 2
83470681 7
83714283 4
83818702 4
84547559 2
84657290 5
84842257 1
84949896 4
85387088 5
85492277 5
85543933 2
85781021 6
86325163 1
86961354 2
88636902 2
89175775 2
91677190 3
92620186 2
92761621 5
93739980 7
95570687 3
96050814 5
96210458 7
96542258 2
97138891 5
98164796 2
98367747 5
98854972 2
99499951 2
99789528 1
100132722 5
100823939 7
102387859 3
102740181 3
103570708 4
104024044 7
104024044 1
104305392 7
104305392 4
104753543 3
105093650 3
105395660 2
105632323 6
105981093 3
106033740 1
106179743 3
106228102 4
107653784 6
107653784 1
107893999 2
107898496 7
108047219 6
108348197 5
108348197 2
108397202 2
108836819 3
109122426 5
109131400 6
109272919 4
109964087 6
110549259 1
110807407 2
147486 1
147562 1
147634 1
1870033 1
4819218 1
6587597 1
6681137 1
7657271 1
9195260 1
10220920 1
10609100 1
11649858 1
11686659 1
14987904 1
16409933 1
19551447 1
19551469 1
19652909 1
20006881 1
21376230 1
22209890 1
27282231 1
27918791 1
29148205 1
30268866 1
31399001 1
31993808 1
32085804 1
32976102 1
32989675 1
36559769 1
37157792 1
39123086 1
42372050 1
44521047 1
46444164 1
48108070 1
50229127 1
51207336 1
51363739 1
52389603 1
53079145 1
53182919 1
54843725 1
56612225 1
56625599 1
57208782 1
57844384 1
58245204 1
60646998 1
63103704 1
65473619 1
68027410 1
68213372 1
70481426 1
70927980 1
71314282 1
73431583 1
73977075 1
78421607 1
81895029 1
82642611 1
83023857 1
84598668 1
84995436 1
86470044 1
87655174 1
90297212 1
90850013 1
92170293 1
92170296 1
93055830 1
94477515 1
97721176 1
99641236 1
100632896 1
100632933 1
102987360 1
107160213 1
107894010 1
109719219 1
110755336 1
110999658 1
114262918 1
150530 4
114237506 4
114244542 6
147709 7
147712 1
297419 3
297435 7
439003 0
1079640 0
1124879 1
1124880 5
1723117 4
1723120 4
1838592 4
2503404 0
2703749 3
2989980 4
2989981 2
3035415 7
3035416 0
3041206 6
3047410 5
3047410 4
3383411 4
4020693 3
4020694 0
4610621 1
4620011 4
4718399 3
4809058 7
5106436 6
5106438 0
5307655 6
5398569 3
5508100 0
5844454 0
5946002 5
6336598 1
6387281 4
6387283 2
6578921 2
6587593 6
6673751 1
7326703 6
7412060 3
7513791 5
7513793 7
7657289 1
7861037 7
8103996 0
8103998 3
8554838 4
8554842 4
8603865 2
8849530 1
8893608 3
9181304 0
9181307 1
9195252 3
9279669 7
9293129 5
9630028 3
9720616 5
9873002 3
10220933 4
10220934 3
10275625 4
10275626 0
10755696 1
10755700 3
10901282 1
11203968 6
11794858 5
11898708 7
11948010 4
11948011 5
11991731 2
12086738 1
12086740 3
12521611 4
12530672 2
12767484 0
12917212 2
13017072 5
13262983 7
13361256 4
13361258 3
13704641 3
13713458 3
13908153 6
13908154 1
13960762 2
14054442 4
14101790 0
14101794 3
14295607 6
14686689 7
15142027 2
15142030 5
15431108 5
15473020 1
15828238 6
17346849 4
17584159 5
17584159 3
17598108 0
17738044 5
18728178 2
18728179 1
19411079 1
19452072 3
19452073 1
19455483 1
19462191 3
19551460 0
19551461 6
19652924 1
19652925 7
19664245 0
20218440 0
20252986 2
21078405 5
21078406 6
21231470 7
21421220 7
21727608 7
21727608 3
21813832 6
21813833 0
22057981 7
22209903 6
22352355 5
22598317 1
22606012 1
22704952 4
22998607 7
23103802 4
23436086 3
23681526 5
23681528 3
23690683 2
23690688 5
23756205 4
23782796 0
23782797 3
23883287 5
23883289 4
23984564 7
23984566 2
24141620 1
24182677 0
24475742 2
24567643 0
24620190 0
24620193 6
24628289 6
24825384 2
24825387 3
24915559 5
25057789 3
25070841 3
25403594 7
25403598 3
25895572 0
26045501 4
26486964 0
26585142 1
26777566 2
26777569 0
26878360 4
26928528 4
27030694 0
27627305 5
27627306 0
27918784 2
27918786 2
28304493 2
28575808 5
28610511 0
28610514 6
28705260 6
28801832 1
28900098 6
28953938 1
28953939 4
29199891 3
29539761 0
29539764 5
29630322 0
29779984 2
29836316 5
29975177 1
29975179 1
30032147 0
30127342 4
30127346 4
30169879 1
30320768 0
30320770 6
30415738 1
30415739 1
30428178 2
30511553 4
30668821 0
30809534 5
30913015 4
30913019 1
30958912 2
31754546 1
31840558 0
31840559 0
31946897 3
32085858 0
32085862 2
32237268 4
32337575 4
32439156 1
32439158 1
32930238 0
32930239 0
32989669 7
33071487 5
33071487 0
33214685 2
33214693 2
33274752 2
33274753 3
33326039 7
33665015 5
33818999 5
33910979 3
34101662 6
34151415 1
34151418 7
34202676 3
34445667 7
34445668 7
34496065 7
34551429 0
34551430 3
34647602 0
34848240 0
34942188 2
35043350 0
35340703 7
35486903 4
35531509 1
35677598 5
35870933 1
35870933 0
35926598 6
35926601 0
36025603 6
36217359 5
36217363 3
36312322 2
36312323 0
36324578 0
36414360 4
36559782 7
36615853 2
36615857 6
37098004 2
37146878 1
37357744 1
37420095 3
37423245 3
37491693 1
37491694 6
37589587 7
37885704 5
38039983 6
38382632 6
38535472 3
39115484 7
39173079 5
39463787 6
39569895 7
39999089 7
39999092 6
40247599 7
40404379 1
40404380 3
40843372 5
40843374 5
41087263 4
41087263 0
41254554 0
41254556 3
41334960 2
41334961 0
41384371 3
41721232 0
42262322 2
42307804 3
42313742 7
42313742 3
42361557 3
42361559 7
42555151 1
42658147 5
42714195 1
42714196 5
42852720 3
42912587 5
43094016 1
43199126 2
43199127 0
43297388 5
43345061 2
43587334 0
43634697 1
43838907 4
43988830 4
44084803 1
44672194 5
44725456 4
44725456 2
44766346 2
45073468 4
45371304 2
45406426 4
45601990 6
45657455 6
45682549 2
45749195 1
45749199 6
45859094 6
46147650 3
46747368 6
46747369 3
46792836 7
46792836 3
47131549 4
47961206 0
47961210 2
48010729 0
48169778 2
48405580 3
48561110 5
48561114 0
48605280 5
48811249 3
48811250 4
48854190 3
49054080 2
49054082 7
49099233 7
49099235 5
49141137 6
49141138 1
49242751 7
49242753 7
49348098 2
49348100 7
49485554 3
49485556 3
49543924 7
49543925 7
49783158 7
49783158 5
49935504 5
49935505 1
50039953 1
50039957 2
50229141 4
50334123 0
50532280 6
50623801 7
50674469 6
50911099 2
50911100 3
51017512 1
51121943 5
51314364 2
51363733 0
51363736 3
51809397 3
51893000 2
52342964 0
52342966 2
52531503 7
52531503 1
53376582 1
53376584 3
53517212 3
53815463 6
53815464 1
53960003 1
54234186 7
54234187 2
54303044 7
54303044 6
54906281 7
55152291 6
55152293 6
55199650 0
55199653 3
55485259 2
55533603 7
56231771 5
56375393 1
56375395 4
56612217 6
56625611 6
56758591 6
57208772 3
57262145 5
57262146 4
57348263 7
57348265 1
57499019 3
57551739 3
57746408 0
57746410 4
57844398 5
57844399 7
58288366 0
58288371 6
58336291 7
58438260 3
58438263 7
58528937 0
58528940 7
58687092 3
58826745 4
58972396 5
59466930 6
59466932 7
59475693 5
59475695 4
59514288 6
59565681 6
59571462 3
59571464 0
59660083 7
59707822 5
59714788 7
59865278 6
59920020 6
60260391 0
60498516 0
60641517 5
60705022 0
60853639 4
60853639 0
60901973 7
60951563 6
60951566 4
61233041 7
61294060 7
61294061 4
61439879 5
62270968 1
62418851 2
62868964 2
63296260 1
63296263 1
63404550 5
63985073 3
64141694 4
64384777 0
64479753 3
64834996 1
65226714 1
65226717 2
65862194 6
65862194 0
65952795 7
65952797 6
66544043 7
66555809 4
66885970 1
66998483 3
67095176 3
67278666 1
67523282 2
67531212 2
67622412 4
67622413 4
67633331 4
67777014 0
67777016 3
67875368 7
68213367 2
68657208 5
68863492 6
68959795 4
69047155 3
69106036 4
69400240 0
69400242 4
69593230 6
69593233 3
69638878 4
69747937 6
69838874 2
69838876 5
69852857 3
70094006 2
70229612 3
70229615 4
70733444 3
70927973 6
71112865 4
71112870 7
71211249 7
71268325 0
71319330 6
71319332 7
71363881 4
71856080 3
71862701 6
71946585 1
72440226 2
72893178 1
73027798 1
73323251 0
73323255 3
73335603 2
73335605 6
73533185 4
73922547 0
74357347 7
74609471 4
74609473 3
74763893 4
74763897 1
74802211 4
74802213 6
75157067 7
75157071 2
75451600 2
75451602 5
77496466 2
77816103 5
77816103 2
78021333 0
78206515 6
78371357 5
78615584 0
78615585 7
78851217 4
78851218 2
79189709 0
79262764 4
79262765 6
79393186 3
79411243 5
79411243 0
79512226 3
79547617 1
79547621 2
79660698 7
79699360 7
79966344 3
79966345 1
80100121 0
80100122 7
80198245 0
80533258 1
80614038 7
80614041 5
80693576 4
80693578 4
80812900 7
80871619 6
80984921 7
80984924 6
81023789 7
81353703 3
81353703 1
81407746 7
81407747 6
81614369 2
81758863 4
81895039 2
81895043 4
82683775 3
82683777 7
82907078 5
83023873 6
83516123 2
83575175 2
83575176 1
83666293 4
83912422 0
83970796 5
83970797 1
84748446 5
84842259 6
84949900 7
85146736 6
85146738 0
85725395 3
85725396 3
85781024 4
85978545 3
86272990 0
86272992 2
86325164 6
86325164 0
86364940 2
86760024 7
86760025 7
86771720 2
87067499 0
87103433 0
87460936 2
87460940 2
87643169 0
87643170 2
87655188 7
88197291 7
88197293 5
88832779 3
88832780 0
88975841 0
89328602 0
89363645 2
89363645 0
89561572 4
89561574 7
89909669 0
89909671 6
89918554 5
90007998 5
90007999 7
90542157 2
90951132 5
90951133 4
91034970 0
91034974 4
91093424 3
91093427 4
91481443 2
91481446 4
91533855 0
91533857 1
92019810 0
92019812 2
92170288 7
92170289 7
92567564 2
92810260 2
93106332 5
93106337 2
93455605 6
93455607 1
93556689 5
93739984 7
93739985 0
93839777 3
94289204 4
94436572 3
94477503 7
94626776 7
94720584 4
94970108 4
94970110 1
95074157 5
95275974 4
95417168 3
95417169 1
95458780 7
95570690 0
95570692 2
95761876 0
96058736 7
96210458 0
96210459 3
96350327 2
96406559 2
96491702 3
96542260 1
97525706 5
97680372 2
97829130 6
98164798 3
98268691 6
98655423 5
98854976 2
98854978 2
99045385 5
99045385 3
99404168 7
100132723 0
100632928 1
100774521 6
100774522 1
100823945 2
100919274 5
101272155 1
101272158 6
101416455 3
101416457 1
101519107 5
102387863 0
102387865 4
102493937 3
102740182 4
102933612 1
103226922 0
103226923 0
103283271 0
103386030 1
103386032 1
103484067 5
103570709 0
103673478 4
103766539 5
104163765 7
104209433 4
104305392 0
104305396 6
104603853 2
104603853 1
104656224 0
104753545 1
104810154 2
104810157 2
104955175 7
104955179 4
105093651 7
105093653 4
105299134 5
105299137 6
105346003 5
105346005 0
105632324 7
105632326 0
105637786 0
105637792 4
106028201 3
106033741 1
106033742 4
106179745 0
106322412 1
106322415 4
106329358 7
106380741 5
106380741 3
106622249 1
106767401 6
106773469 5
106773470 5
106819350 0
106819354 7
106912845 2
106922745 4
107121075 1
107659183 7
107659194 4
107795236 1
107996202 3
107996207 1
108397204 5
108491390 7
108635524 6
108836820 3
108836821 2
109085049 1
109085051 6
109122431 6
109122431 1
109127022 2
109181787 0
109181788 4
109272919 0
109272920 5
109428857 3
109474437 1
109565901 5
110160724 3
110561730 5
110561733 7
110645691 6
110645691 0
110797810 0
110807411 6
110807411 3
110896578 0
52638174 1
53079142 4
77528966 4
77496469 0
5307634 7
5307638 5
6336575 3
6336587 3
6336590 2
26431661 2
26431662 4
26431668 6
30511529 1
30511532 0
30511538 0
32930220 1
32930220 6
32930227 2
33585297 0
37849674 0
37849684 0
37849686 1
51314339 5
51314340 1
51314351 1
67479176 1
67479182 5
68605359 0
69593213 6
69593219 2
69593220 6
102933589 1
102933593 6
102933595 5
109964072 3
109964080 7
109964081 5
1079631 6
1838581 5
1870038 2
2258917 4
2347100 4
3676679 6
3985034 1
4222503 4
4610609 5
5693924 0
5693925 5
6093580 1
6578908 5
6673737 5
6775896 0
6983501 4
8445461 2
9181295 2
9279661 5
9482106 0
10317954 0
11492996 4
11884234 5
12086729 6
12733512 6
13804391 0
14054435 7
14101782 7
14648607 0
15041660 5
15431098 5
15473009 1
16067523 2
17584149 1
18179017 1
18186653 1
18918088 1
19652914 5
19855870 2
20252971 4
20252975 3
20932622 1
23883276 0
23984553 0
24035929 1
24961897 0
25647930 3
27613682 0
27769011 0
27769012 5
29234998 4
30032137 7
30772051 2
30958900 6
31054105 3
31350594 0
31350595 0
31705790 3
33170997 0
33818987 6
34101651 3
35088327 6
36615844 6
37420086 0
38489032 3
39901185 4
39999078 0
40596874 3
40886451 3
40986120 1
41384360 7
41721218 0
42658136 0
43158753 7
44186317 7
44383033 0
46690147 6
46747359 3
48561100 0
48660218 6
48753948 1
49054072 4
49485544 7
49783149 5
49790437 0
49884196 1
50769166 0
50911089 3
51121933 6
53815450 4
54303036 5
54458277 0
55002109 3
56231762 5
57208764 6
57408946 6
58336282 0
58826731 2
58972385 3
59126005 4
59320189 6
59714779 5
60646999 4
60901958 6
60901961 3
61294051 3
63310834 7
64723234 1
65572273 5
65952786 6
66998471 4
67622400 4
67633317 2
68863482 1
69095783 2
71211234 4
72339909 7
72451424 0
72734658 5
73236952 2
73630521 5
74357336 6
75099719 0
78021318 4
78554441 3
78761675 5
79547606 3
80150061 7
80245305 7
80681532 6
81180771 7
81407737 6
81415524 2
81758851 4
81895030 5
82137460 4
83714275 4
84448815 3
84995396 6
85246402 5
85543925 3
85593866 6
85725387 7
86030963 6
86364931 4
87166212 2
87355189 0
87643158 2
87844907 0
88047762 3
88047766 5
88627315 3
89175766 0
89363635 7
89561559 0
89918545 6
90164434 0
90951123 4
91034962 6
91533846 7
92170277 3
92567553 5
93455595 5
93990958 4
93990962 6
94626763 3
94970099 0
94981981 3
95074148 4
95417155 0
95761865 2
96350315 5
96542250 1
97525692 3
99395742 3
99412967 7
100380004 0
100774511 0
104753535 3
104955165 1
105632316 5
106228094 4
106374278 2
106616145 6
106767388 0
106773460 7
106922736 4
107160167 2
107898488 0
108345199 4
108635510 0
109280468 4
109719178 1
110015759 0
110057869 0
110896568 2
3035402 1
3035402 2
6483638 0
6483638 1
6491113 0
6491113 1
7513781 0
7513781 1
7861028 5
7861029 6
8543787 0
8543787 1
8691811 0
8691811 1
8893596 0
8893596 1
9195240 0
9195240 1
10067202 2
10067204 0
10609080 0
10609080 1
11303383 5
11303384 3
11303384 6
11767822 2
11767823 3
13713444 0
13713444 1
15032883 2
15032884 5
15128904 4
15128905 4
15289271 0
15289273 4
15580438 2
15580439 3
15676706 0
15676707 1
18728165 1
18728166 5
19455472 1
19455473 6
19462183 1
19462183 2
20006863 1
20006864 1
20218428 0
20218428 1
22070834 0
22070834 1
22704939 0
22704939 1
23681514 0
23681514 1
24479060 7
24479061 7
25057779 0
25057779 1
30127332 7
30127333 2
30127333 4
30415727 0
30415727 1
30428164 0
30428164 1
31008272 0
31008272 1
31754535 0
31754536 4
32686282 0
32686283 2
33214674 0
33214674 1
33665004 4
33665004 5
34249134 0
34249134 1
35180731 6
35180731 7
35434713 0
35434714 0
35587163 0
35587163 1
35926588 1
35926590 7
36312310 0
36312310 1
36324565 3
36324565 4
36759177 0
36759178 2
37146864 0
37146864 1
37889737 0
37889737 1
37894901 3
37894902 6
38039973 0
38039973 1
38382619 2
38382620 2
39165127 3
39165128 3
39373942 4
39373943 5
39557189 0
39557189 4
39557190 6
39862535 0
39862535 4
41334950 0
41334952 6
42166007 0
42166007 1
42912578 4
42912578 6
44084794 0
44084795 4
47188841 0
47188841 1
48220177 0
48220177 1
49099225 2
49099225 4
50623788 0
50623788 1
50718180 0
50718182 0
51017498 0
51017498 1
51809385 0
51809385 1
52937996 0
52937998 0
53321441 2
53321442 4
53427057 0
53427057 1
53913545 4
53913545 5
54234173 2
54234175 2
54234175 3
54505878 0
54505879 2
54505879 5
54843730 5
54843731 4
57499006 0
57499006 1
57844387 0
57844387 1
58438251 0
58438251 1
59475683 0
59475683 1
59571452 0
59571452 1
61439867 0
61439867 1
63296249 0
63296249 1
63507658 0
63507658 1
64479742 0
64479742 1
65515115 7
65515116 5
67278657 0
67278657 4
67924528 0
67924528 1
69400230 0
69400230 1
69645976 2
69645976 7
70436345 1
70436345 6
71663490 0
71663490 1
71946575 0
71946575 1
72049791 0
72049791 1
73323242 0
73323242 1
73431566 0
73431566 1
73776331 3
73776331 7
74172047 0
74172048 2
74663525 0
74663525 1
74956033 5
74956033 7
75157057 0
75157057 6
77482910 0
77482910 1
77528954 2
77528954 3
77827791 0
77827791 1
77919754 0
77919754 1
78206505 1
78206505 5
80719642 0
80719642 1
81503611 1
81503611 3
81523854 0
81523854 1
85492267 6
85492270 1
85492270 6
86128800 0
86128802 7
86470045 2
86470046 1
86618029 0
86618029 1
88197279 0
88197281 5
90850016 0
90850016 1
91785126 4
91785126 5
92268560 0
92268560 1
93055813 3
93055814 7
93106322 1
93106323 5
94720570 0
94720570 1
97138882 0
97138882 1
97878077 0
97878077 1
98268680 0
98268680 2
99641237 2
99641241 3
99641241 7
100919262 3
100919262 5
102351905 0
102351905 1
102493927 7
102493928 3
104899092 0
104899092 1
105093641 0
105093641 1
106235274 0
106235274 1
106380729 0
106380729 1
106627401 0
106627401 1
108483776 0
108483778 2
108491379 0
108491379 1
108644235 0
108644235 1
108836810 2
108836812 7
109127011 0
109127011 1
109181778 4
109181778 7
110549251 2
110549252 6
110561719 0
110561719 1
147715 1
147715 3
147715 4
147716 3
147716 7
147720 6
147727 3
147729 3
147731 3
147738 5
147739 4
147744 6
147745 5
147750 3
147755 2
147757 4
147758 6
147765 7
147767 3
147768 3
147770 1
147772 6
147775 2
147782 1
147785 3
147786 6
147787 0
147789 3
147792 2
147792 6
147793 2
147793 5
147794 3
147794 5
147795 3
147806 5
147812 7
147813 2
147813 7
147817 4
147820 3
147820 6
147821 6
147823 3
147833 6
147836 5
147837 2
147847 2
147848 1
147850 7
147851 7
147863 2
147863 7
147864 5
147872 7
147873 0
147873 5
147873 6
147875 3
147877 1
147885 3
147885 5
147886 5
147887 5
147889 3
147892 3
147895 3
147896 0
147896 5
147897 4
147903 0
147903 5
147908 1
147914 2
147916 6
147919 1
147920 3
147923 4
147924 0
147925 6
147927 3
147927 4
147927 6
147928 0
147929 5
147930 7
147932 1
147933 2
147935 6
147940 0
147942 1
147945 7
147948 0
147949 5
147951 1
147955 1
147968 7
147975 7
147982 6
147987 6
147992 7
147995 0
147995 3
147995 4
147996 1
147996 7
147998 5
147998 7
148001 2
148006 2
148006 7
148010 7
148011 0
148013 3
148014 5
148017 6
148024 0
148027 3
148028 0
148031 4
148032 1
148032 2
148034 3
148036 0
148036 3
148045 0
148048 2
148051 0
148052 7
148054 6
148067 6
148068 6
148071 6
148076 0
148083 1
148086 2
148090 7
148094 4
148098 4
148100 6
148103 2
148105 0
148109 3
148115 4
148121 5
148126 0
148126 3
148129 1
148131 0
148134 3
148136 2
148136 7
148138 4
148147 3
148151 0
148159 5
148159 7
148165 4
148166 6
148167 6
148168 4
148170 0
148174 2
148175 2
148186 2
148187 0
148195 6
148206 5
148209 3
148212 5
148218 7
148220 1
148220 3
148227 4
148230 0
148230 4
148233 2
148234 4
148239 5
148241 5
148243 1
148243 5
148245 4
148246 4
148249 2
148252 4
148254 7
148261 1
148267 1
148269 4
148270 4
148271 5
148275 5
148276 1
148284 1
148293 2
148294 2
148295 7
148296 7
148297 1
148298 6
148299 4
148304 2
148308 0
148310 1
148314 0
148314 4
148321 3
148326 1
148330 5
148331 4
148332 2
148332 4
148336 7
148344 3
148345 5
148346 3
148347 6
148348 5
148349 3
148350 2
148353 2
148357 7
148362 6
148371 0
148374 3
148377 1
148378 3
148382 1
148384 5
148386 4
148387 1
148399 0
148405 2
148409 5
148409 6
148415 3
148421 1
148423 4
148427 5
148430 6
148438 7
148440 5
148443 6
148461 5
148462 0
148467 3
148472 4
148473 1
148474 7
148477 2
148480 3
148481 6
148482 2
148484 7
148488 2
148490 7
148492 4
148493 4
148494 1
148503 1
148517 3
148520 4
148520 7
148522 5
148524 2
148527 4
148531 1
148538 4
148540 3
148540 4
148543 4
148546 1
148546 5
148551 5
148559 2
148562 2
148563 2
148565 5
148566 1
148569 4
148571 0
148580 4
148582 5
148587 4
148588 5
148599 3
148602 1
148607 2
148619 1
148619 6
148627 2
148628 0
148629 5
148630 7
148631 0
148635 7
148636 7
148643 5
148645 7
148646 5
148647 4
148647 5
148650 4
148654 3
148660 0
148664 6
148665 1
148674 4
148674 5
148675 3
148676 3
148676 6
148682 5
148684 4
148686 5
148691 0
148698 0
148701 2
148704 4
148704 5
148707 6
148709 5
148714 6
148715 1
148716 2
148722 3
148722 4
148725 7
148727 6
148730 4
148733 3
148735 4
148746 2
148754 6
148764 0
148768 1
148777 3
148778 5
148779 5
148783 7
148792 1
148792 7
148799 4
148803 6
148806 7
148807 1
148807 3
148807 5
148809 2
148809 7
148812 7
148817 4
148818 0
148821 2
148823 6
148828 1
148830 6
148836 3
148841 3
148842 1
148848 6
148850 5
148855 1
148857 4
148862 4
148866 5
148874 4
148882 7
148885 0
148885 2
148886 6
148896 2
148900 2
148906 6
148907 2
148907 3
148907 7
148910 7
148912 3
148917 1
148926 2
148930 3
148930 5
148930 7
148932 2
148932 5
148935 6
148936 1
148939 7
148940 5
148942 4
148943 5
148945 2
148949 0
148953 7
148957 3
148959 4
148962 0
148965 2
148966 0
148967 0
148969 1
148969 4
148973 1
148975 6
148976 4
148978 6
148979 6
148983 2
148985 4
148998 5
149002 5
149003 0
149003 4
149005 6
149007 0
149007 7
149009 1
149016 7
149018 3
149019 5
149025 0
149028 1
149033 7
149034 1
149035 2
149036 4
149041 5
149049 7
149051 0
149053 4
149053 7
149059 3
149059 6
149065 7
149071 1
149075 7
149083 4
149085 0
149089 0
149089 2
149091 0
149093 0
149096 2
149104 4
149105 2
149108 3
149112 6
149113 1
149121 2
149125 7
149127 3
149130 3
149131 4
149132 2
149133 4
149133 5
149134 5
149136 5
149138 6
149146 7
149152 4
149155 1
149157 4
149158 3
149161 5
149164 3
149176 0
149178 2
149178 4
149180 3
149183 4
149188 3
149188 7
149190 5
149191 3
149195 7
149197 4
149197 5
149198 2
149206 6
149207 5
149208 2
149209 0
149212 2
149216 5
149218 0
149221 1
149227 2
149231 0
149231 7
149234 0
149234 5
149237 0
149237 7
149240 2
149245 0
149267 0
149272 3
149273 3
149274 7
149276 3
149279 3
149280 2
149280 7
149282 7
149284 0
149284 7
149286 2
149287 3
149290 7
149292 5
149293 4
149295 5
149295 6
149296 6
149300 7
149301 2
149301 3
149303 6
149304 4
149310 1
149311 2
149312 3
149312 5
149321 2
149324 7
149329 3
149331 3
149343 7
149344 5
149351 5
149361 2
149363 5
149365 7
149366 1
149367 4
149368 7
149378 1
149380 7
149385 3
149386 1
149395 3
149396 6
149397 2
149397 6
149408 6
149413 4
149415 1
149417 5
149418 1
149419 7
149424 4
149429 4
149435 3
149441 4
149443 2
149447 3
149448 3
149449 2
149451 2
149452 5
149453 7
149459 1
149461 3
149471 1
149478 4
149487 0
149488 5
149489 3
149490 5
149498 7
149500 4
149501 3
149502 4
149503 4
149505 7
149511 6
149527 1
149531 6
149535 1
149535 5
149537 5
149538 4
149538 6
149541 3
149544 0
149545 0
149547 2
149547 3
149559 0
149560 7
149561 0
149564 7
149568 2
149569 5
149572 0
149573 7
149584 0
149584 2
149592 6
149593 0
149595 3
149602 1
149613 7
149615 1
149616 3
149621 7
149625 0
149625 1
149626 6
149627 2
149627 4
149632 5
149637 1
149638 4
149638 5
149644 0
149646 4
149647 6
149655 5
149658 2
149668 5
149674 1
149676 0
149676 2
149680 0
149682 5
149685 4
149685 7
149687 1
149692 2
149694 1
149695 4
149703 1
149704 4
149706 4
149709 6
149728 2
149737 2
149737 3
149737 7
149740 0
149740 4
149741 6
149748 5
149751 0
149753 4
149755 3
149759 1
149761 6
149764 3
149768 6
149769 4
149774 0
149774 3
149777 1
149787 6
149787 7
149793 3
149797 5
149799 2
149811 3
149815 7
149816 5
149817 1
149819 6
149820 5
149822 6
149823 2
149825 0
149828 1
149829 5
149831 4
149833 1
149840 3
149840 4
149843 0
149843 2
149843 3
149850 0
149850 5
149854 4
149858 5
149859 3
149859 5
149862 3
149862 7
149866 6
149870 4
149872 1
149876 7
149883 0
149886 6
149887 4
149895 5
149896 0
149902 7
149906 1
149906 5
149907 0
149909 5
149923 7
149924 5
149926 2
149933 7
149935 2
149937 0
149940 7
149941 3
149942 0
149943 5
149950 3
149963 7
149964 2
149968 7
149972 0
149975 2
149981 1
149984 5
149986 1
149993 4
149995 7
150001 1
150010 4
150011 3
150014 3
150016 6
150024 0
150024 5
150026 0
150026 7
150038 2
150039 5
150041 2
150044 1
150045 1
150052 2
150054 4
150055 2
150068 1
150079 6
150082 4
150086 0
150099 7
150100 3
150102 1
150104 1
150109 4
150116 0
150118 6
150121 2
150122 4
150127 0
150133 1
150134 6
150148 6
150152 0
150153 5
150153 6
150155 0
150155 3
150158 5
150164 0
150170 4
150173 1
150173 5
150176 5
150176 6
150177 3
150185 4
150188 4
150190 6
150191 1
150191 7
150200 2
150201 5
150204 3
150206 7
150214 5
150217 0
150218 0
150221 2
150226 0
150226 7
150231 0
150235 7
150245 0
150247 5
150247 7
150248 3
150250 7
150255 0
150255 3
150278 1
150283 1
150283 7
150286 5
150286 7
150290 7
150292 5
150294 4
150295 1
150300 5
150304 2
150305 1
150305 2
150306 2
150314 3
150318 6
150319 7
150321 6
150325 1
150326 1
150329 1
150335 2
150352 0
150358 7
150360 2
150361 6
150361 7
150362 2
150364 2
150367 2
150374 5
150378 1
150379 4
150380 4
150380 6
150381 6
150385 3
150387 1
150390 0
150390 1
150392 4
150394 6
150400 3
150402 5
150402 7
150404 5
150404 6
150405 7
150412 4
150413 2
150415 6
150417 2
150425 3
150432 3
150437 2
150440 2
150444 7
150447 3
150448 1
150456 2
150458 6
150462 4
150463 7
150470 5
150474 6
150481 4
150483 7
150484 1
150489 6
150490 4
150499 6
150503 1
150507 6
150510 7
150513 6
150514 5
150517 6
150518 5
1124886 7
2503408 6
3041211 4
3282906 4
3282908 7
4020697 7
4020698 0
4127127 7
4222520 0
4222523 6
4222525 7
4222525 1
4222530 4
4222537 1
4222539 2
4222541 0
4222544 3
4222545 6
4222559 6
4222575 7
4222575 1
4610624 6
4610625 2
4819240 6
6336606 6
6336607 2
7020122 6
7020123 3
7020129 7
7020133 3
7020156 7
7020156 0
7020157 3
7020161 4
7020162 2
7020181 7
7020182 2
7020182 1
8445482 1
8445491 0
8445503 3
8445504 3
8445510 4
8445527 2
8445529 1
8445531 3
8445544 5
8893615 2
9482123 2
9873006 0
9873007 5
9873014 6
9873021 0
9873028 2
9873032 6
9873034 0
9873037 6
9873037 2
9873038 7
9873040 4
9873046 4
9873047 3
9873051 0
9873058 1
9873068 7
9873070 7
10079912 6
10079914 1
10220938 4
10419992 5
10419993 4
10461630 5
10609097 3
10901288 5
11686676 7
12878688 4
13262989 4
13713459 2
13713462 6
13713463 5
14101799 7
14493534 3
14493537 7
15142031 5
17584164 5
18132685 4
18728183 5
19564163 6
19664248 3
21078412 0
21621170 3
21813836 1
22998613 3
22998614 3
22998616 6
23436094 5
23436096 6
23436098 5
23436107 5
23436107 2
23436109 6
23436114 7
23436118 7
23436120 4
23436121 1
23436123 5
23436135 1
23436141 5
23436143 2
23436145 5
23436148 7
23436148 5
23436149 4
23436152 6
23436156 3
23984570 5
25754170 3
26090502 0
26199127 3
26199128 0
26199131 6
26199131 2
26199133 0
26199142 3
26199146 1
26199151 0
26199152 3
26199153 0
26199155 3
26199160 3
26199162 3
26199165 7
26199166 4
26199170 1
26199171 4
26199172 1
26199174 6
26199179 5
26199199 4
26199199 0
26431685 0
26644261 7
26777570 2
26777572 0
26878364 2
26878365 1
26928536 5
27918787 3
28017513 4
28900100 6
29148181 2
29148184 6
29148185 7
29148187 2
29148192 5
29148193 2
29148207 1
29148208 6
29148210 7
29148211 0
29148212 0
29148222 6
29148223 5
29148226 2
29148232 1
29148234 7
29148235 1
29148241 6
29148247 1
29148248 6
29148250 2
29148254 0
29442722 6
29630327 2
30127349 5
30169880 7
30169882 6
30809535 6
30958913 2
31008288 7
31054120 0
32439161 1
32439163 4
32778402 3
32778404 1
32827878 5
32827884 2
32827885 3
32827887 2
32827888 3
32827897 5
32827902 7
32827907 5
32827907 1
32827910 2
32827911 4
32827913 4
32827918 5
32827919 2
32827919 1
32827921 5
32827923 5
32827924 4
32827925 4
32827926 0
32827928 3
32827928 0
32827930 7
32827934 4
32827936 1
32827937 7
32827938 4
32827941 1
32827942 1
32827945 5
32827946 4
32827950 6
32827950 1
32827952 0
32930245 7
32976097 6
33365164 1
33365166 3
33665021 7
34005250 7
34249150 5
34445672 6
34848247 3
35486905 6
36324583 1
36615858 7
37158655 4
37254011 7
37254012 6
37254013 7
37254026 5
37254034 5
37254036 7
37254042 4
37254045 4
37254052 6
37254053 6
37254070 5
37254073 7
37593203 4
39862550 5
39862551 1
41254559 5
42166024 6
42166024 3
42166026 3
42166027 0
42166029 7
42166030 0
42166032 5
42166032 2
42166032 0
42166034 6
42166034 4
42166036 3
42166039 2
42166047 4
42166047 3
42166049 6
42166049 0
42166052 1
42166060 5
42166080 2
42166081 7
42166089 0
42166090 7
43988835 0
44084809 3
44725461 6
44766349 7
44766351 7
44766352 6
44977168 1
44977170 2
45169164 0
45682554 3
45749200 0
45876355 3
46398645 4
46444140 6
46444141 4
46444141 2
46444143 6
46444148 3
46444155 2
46444160 0
46444167 5
46444170 4
46444180 2
46444183 0
46444185 0
46444195 7
46444196 2
46444197 4
46444201 2
47725615 5
48405587 6
48650188 0
48950265 4
48950267 1
48950269 6
48950271 3
48950281 4
48950283 5
48950288 5
48950291 7
48950295 1
48950297 0
48950299 6
48950304 4
48950306 5
48950310 4
48950311 4
48950316 7
48950318 2
48950318 0
48950323 4
48950328 6
48950331 1
49054086 5
49155760 5
49448824 0
49642201 1
49783165 2
49884215 7
50911104 2
50911105 2
51121947 4
51121948 3
51161917 7
51161940 1
51161946 1
51161949 5
51161952 1
51161954 4
51161954 2
51161956 6
51161961 2
51161967 4
51161985 3
51161988 7
52531508 0
53376587 2
53376588 1
53517219 2
53544564 3
53544566 4
53544572 5
53544581 3
53544582 5
53544592 6
53544593 5
53544604 5
53544604 1
53544614 0
53929401 5
53929403 2
53960008 6
54055403 3
54505893 7
54505898 6
54505899 6
54505900 5
54505902 6
54505903 6
54505904 5
54505906 2
54505907 4
54505908 0
54505910 4
54505914 1
54505914 0
54505915 4
54505921 3
54505923 7
54505924 6
54505924 4
54505925 4
54505925 3
54505926 1
54505927 5
54505932 6
54505932 2
54505938 0
54505941 2
54505942 5
54505944 6
54505948 4
54505949 2
54505952 4
54505953 7
54505953 5
54505954 4
54505957 3
54505958 6
54505958 5
54505964 0
54505965 1
54906286 0
55199656 3
55199658 0
55533609 5
56625616 2
56717041 7
57262151 3
57408964 2
58091100 7
58091106 6
58091109 2
58091110 7
58091111 7
58091112 2
58091117 5
58091123 4
58091123 2
58091126 4
58091131 0
58091133 4
58091136 5
58091138 6
58091139 6
58091141 7
58091143 0
58091145 4
58091149 3
58091150 7
58091152 3
58091154 1
58091155 0
58288374 0
58336298 5
58593183 2
58945248 0
59865287 2
59920021 0
60059098 6
60059101 6
60696543 3
61242873 1
61479909 1
61883011 4
61883015 0
63507675 0
65712970 7
65712972 3
65862201 0
65952800 3
67013274 6
67013275 0
67095183 7
68605377 3
68863498 7
69047159 5
69442270 0
69442279 4
69442279 2
69442283 6
69442285 1
69442287 0
69442288 1
69442290 0
69442291 4
69442292 0
69442296 1
69442299 6
69442303 2
69442308 5
69442313 1
69442317 3
69442323 7
69442326 1
69442329 3
69442333 2
69442336 1
69442337 6
70229619 3
71211253 4
71211254 1
71759284 3
72049808 6
72197780 7
72197781 1
72197782 5
72197788 0
72197789 7
72197807 3
72197818 3
72197822 3
72197830 3
72440230 3
72548430 3
73323258 7
73976078 5
73976081 6
73976081 4
73976089 3
73976091 1
73976093 3
73976095 3
73976095 2
73976100 6
73976104 2
73976109 3
73976110 0
73976111 5
73976114 4
73976116 2
73976117 7
73976119 3
73976120 5
73976120 1
73976124 7
73976124 6
73976127 4
73976128 2
73976130 7
73976131 6
73976131 2
73976133 6
73976133 1
73976134 6
73976137 1
73976139 3
73976140 2
73976141 1
73976147 6
73976148 7
73976150 3
73976151 3
74663542 2
74663545 1
74663548 6
74663548 2
74663555 3
74663557 0
74663566 6
74663567 5
74663567 2
74663570 7
74663575 3
74663580 0
74663581 3
74663583 4
74663590 0
74663596 4
74663600 2
74663604 4
74663608 5
74663610 7
74663611 4
74663612 5
74663615 7
74663615 5
74663615 1
75099734 7
75099740 4
75499490 1
75499491 6
75499491 0
75499501 7
75499505 3
75499510 3
75499511 1
75499515 2
75499518 5
75499519 3
75499522 5
75499524 7
75499524 0
75499527 5
75499529 6
75499539 5
75499543 0
75499544 6
75499551 0
75499552 0
75499555 2
78021335 1
78206521 5
78206523 5
79253100 4
79253102 7
79966347 0
80586495 3
80614045 0
80831255 1
80871626 1
80871630 5
81023796 4
81225605 3
81225616 3
81225619 4
81225624 2
81225628 2
81225634 5
81225635 6
81225635 5
81225637 2
81225644 5
81225649 7
81225661 5
81423828 2
81503627 3
81758870 0
81895047 5
82091247 0
82091249 1
82294191 3
82294200 6
82294209 5
82294211 5
82294213 1
82294214 2
82294218 5
82294218 3
82294218 0
82294219 5
82294220 3
82294221 1
82294227 0
82294230 0
82294231 6
82294233 0
82294235 4
82294236 5
82294238 1
82294242 0
82294244 4
82294247 4
82294248 2
82294252 5
82294256 0
82294260 2
82294260 1
82294261 5
82294262 5
82294264 4
82294264 2
82294265 7
82294265 4
82642627 1
82683784 4
83175690 3
83320614 0
83320618 7
83320625 5
83320628 4
83320629 4
83320631 0
83320636 7
83320637 4
83320641 2
83320642 1
83320643 7
83320647 3
83320652 2
83320652 1
83320653 7
83320655 2
83320657 6
83320657 5
83320657 1
83320660 0
83320666 7
83320672 3
83320675 0
83320682 3
83320687 2
83575178 3
84217205 4
84217207 2
84217208 5
84217208 0
84217217 6
84217220 3
84217229 6
84217239 1
84217240 1
84217247 6
84217255 2
84217258 4
84217269 5
84217273 0
84217274 5
84280448 6
84842263 2
84995412 1
84995421 0
84995423 4
84995440 5
84995442 5
84995448 4
84995449 7
84995452 5
84995454 3
84995461 4
84995469 1
84995470 4
84995470 0
84995476 2
84995479 7
85146741 0
85146743 7
86470062 5
86618047 6
86618048 6
86618055 0
86618058 5
86618060 2
86618070 7
86618073 2
86618075 1
86618076 0
86618078 2
86618078 1
86618079 3
86618080 0
86618096 7
86618096 2
86618096 0
86618112 4
86618112 3
86618112 0
86618118 2
86618118 0
86618119 7
86618119 6
86618119 5
86760028 7
86760030 7
87408331 0
88832783 5
89328607 0
89561576 1
90008003 7
90493063 4
91533861 3
91533863 3
91785143 4
91785152 0
91785161 7
91785164 0
91785165 6
91785169 1
91785176 2
91785177 2
91785178 0
91785180 2
91785181 6
91785181 0
91785194 7
91785195 6
91785203 3
91785205 5
91785206 6
91785208 7
91785208 1
91785214 5
92019814 2
92268575 0
92810266 1
93154439 4
93154444 6
93154444 3
93154454 1
93154465 1
93154468 4
93154470 7
93154472 6
93154477 4
93154485 2
93154487 1
93154493 4
93154495 7
93154509 1
93154511 7
93154511 1
94085583 7
94183092 2
94289209 0
94777791 4
94777792 0
94777795 3
94777800 1
94777802 6
94777802 0
94777803 1
94777815 5
94777815 1
94777822 0
94777824 7
94777825 5
94777827 1
94777829 6
94777829 0
94777834 1
94777838 4
94777843 5
94777849 6
94777853 0
94970114 7
95074162 7
96350333 4
97878096 5
97878097 5
97878100 0
97878104 4
97878110 1
97878118 3
97878118 1
97878123 5
97878129 2
97878141 2
97878156 7
97878156 6
97878166 1
98460325 5
99943047 7
99943049 3
100380029 0
100380031 7
100380032 0
100380036 6
100380043 7
100380045 5
100380046 3
100380047 1
100380051 7
100380066 5
100380078 2
100380083 2
100380086 6
100380088 6
100380088 0
100380089 7
100380091 4
100380094 4
101519114 1
102640531 1
102640533 7
102640534 1
103283275 5
103331817 7
103386033 7
103484075 7
103532144 4
103532145 1
104163770 4
104209437 1
104955184 1
105346008 2
105688779 7
106033748 0
106235289 0
106374295 7
106570508 3
106570509 1
106622254 4
106767403 0
106912849 7
106922749 4
106922751 4
107160194 7
107160198 1
107160201 0
107160205 6
107160208 4
107160209 3
107160210 4
107160215 7
107160215 2
107160220 2
107160222 4
107160242 7
107160246 5
107160247 7
107160248 7
107160249 2
107160250 4
107160253 1
107160254 1
107795241 4
107795245 0
107903989 3
109719193 0
109719196 0
109719200 2
109719203 5
109719204 3
109719207 7
109719207 6
109719210 2
109719220 3
109719224 6
109719224 1
109719226 6
109719229 6
109719229 2
109719232 0
109719233 4
109719233 2
109719233 1
109719235 0
109719236 6
109719242 0
109719246 2
109719255 6
109719264 5
109719267 5
109719268 1
110257225 6
110257228 3
110257230 7
110257232 2
110257233 5
110257238 7
110257238 2
110257239 6
110257241 6
110257243 7
110257246 5
110257246 2
110257253 1
110257254 6
110257258 5
110257263 1
110257269 6
110257275 6
110257276 0
110257281 5
110257286 6
110257286 5
110257292 5
110257292 2
110257293 5
110561737 0
110797816 4
111189128 7
147445 6
147446 4
147459 4
147475 7
147477 4
147478 7
147487 3
147488 6
147491 1
147491 2
147495 1
147495 2
147496 4
147498 6
147498 7
147501 1
147503 6
147504 2
147513 5
147515 0
147516 4
147517 2
147525 7
147533 1
147534 3
147535 7
147536 1
147543 3
147546 5
147551 2
147563 4
147563 7
147565 7
147567 0
147567 5
147571 3
147571 5
147571 6
147576 7
147577 2
147578 1
147579 4
147580 2
147581 2
147589 5
147590 2
147592 5
147594 4
147597 3
147600 2
147606 2
147608 3
147613 4
147620 0
147623 6
147626 2
147635 0
147635 2
147636 0
147639 2
147639 4
147641 5
147644 0
147644 5
147644 6
147647 3
147650 0
147652 3
147660 5
147661 1
147661 4
147663 0
147665 6
147671 1
147673 4
147676 2
147679 4
147679 7
147681 2
147681 3
147686 0
150540 3
150542 5
150549 3
150558 6
150560 0
150562 2
150563 6
150569 6
150573 3
150573 7
150574 2
150577 0
150578 7
150581 4
150582 1
150582 4
150582 5
150583 0
150583 2
150584 7
150585 5
150586 4
150587 5
150590 4
150599 7
150606 4
150611 1
150613 5
150615 0
150617 2
150618 3
150621 7
150622 7
150623 3
150625 3
150627 0
150628 6
150630 1
150631 2
150639 4
150645 5
150647 2
150650 0
150655 2
150656 2
150658 5
150666 4
150670 3
150670 6
150673 0
150680 4
150693 7
150694 3
150694 6
150699 0
150706 5
150707 2
150711 4
150714 4
150717 0
150719 3
150719 7
150720 2
150720 6
150723 1
150723 4
150723 6
150724 5
150726 4
150727 4
150727 6
150734 2
150735 2
150747 3
150753 1
150753 7
150761 4
150762 0
150765 5
150766 0
150769 7
150772 0
150774 6
150774 7
150777 3
150781 2
150785 3
150786 3
150791 7
150795 6
150796 0
150797 0
150797 3
150798 5
150798 7
150799 2
150807 4
150808 0
150816 5
150818 2
150827 0
150827 3
150828 2
150829 3
150831 1
150833 6
150840 3
150844 5
150852 4
150859 0
150860 5
150868 3
150870 3
150873 6
150877 3
150884 6
150885 7
150888 4
150894 4
150896 0
150897 2
150897 3
150899 5
150902 1
150903 4
150910 4
150919 7
150920 2
150925 5
150926 6
150928 1
150932 5
150934 7
150938 0
150938 3
150957 0
150958 6
150964 2
150971 4
150974 1
150985 3
150989 1
150994 5
150995 0
150995 6
150996 3
151002 6
151003 1
151005 6
151010 7
151013 0
151022 3
151023 1
151024 6
151025 0
151030 3
151033 3
151038 0
151047 2
151051 5
151058 1
151064 3
151065 7
151067 5
151071 3
151079 1
151082 1
151083 0
151085 6
151087 4
151088 6
151091 4
151093 3
151102 5
151106 4
151114 0
151114 5
151117 1
151118 6
151125 3
151130 5
151131 5
151132 3
151134 4
151135 4
151137 5
151140 4
151142 4
151144 2
151148 2
151149 1
151149 2
151152 1
151152 4
151162 0
151164 4
151165 6
151166 2
151167 3
151170 4
151170 5
151177 2
151180 4
151183 6
151184 1
151185 2
151189 5
151191 7
151193 2
151196 6
151199 5
151202 2
151217 2
151220 3
151225 6
151229 2
151230 3
151232 5
151239 7
151241 1
151242 3
151242 6
151247 3
151253 2
151254 5
151259 3
151259 4
151266 0
151266 4
151270 5
151274 4
151277 0
151278 4
151282 0
151282 3
151284 6
151287 3
151289 0
151292 1
151293 4
151294 5
151295 0
151295 7
151300 2
151301 1
151305 2
151307 2
151313 6
151317 2
151326 4
151329 1
151337 7
151341 2
151341 7
151342 5
151347 7
151350 2
151353 4
151353 7
151356 5
151356 7
151358 2
151360 2
151377 0
151377 2
151377 6
151380 4
151382 7
151383 5
151385 0
151385 4
151387 6
151389 1
151390 5
151395 0
151400 2
151400 5
151401 7
151403 3
151407 1
151408 1
151412 7
151415 1
151415 7
151416 3
151416 4
151419 7
151420 1
151425 0
151425 4
151426 3
151426 5
151428 3
151429 0
151438 1
151448 7
151449 7
151454 2
151456 6
151462 5
151463 7
151471 5
151481 0
151482 7
151483 5
151485 3
151487 2
151489 6
151499 1
151506 7
151509 0
151510 4
151511 0
151512 4
151517 7
151523 2
151527 0
151528 3
151531 2
151534 6
151536 0
151538 2
151541 0
151541 1
151549 1
2951918 0
9482126 0
14648628 0
53079148 0
53960011 0
81895050 0
100380096 1
3582851 4
3582851 3
3582853 3
3985050 4
3985051 7
5307665 5
5693941 4
6673754 0
6673757 5
7412066 0
7412068 5
8104003 4
8104004 5
8592792 2
8592794 1
8940900 7
8940900 3
10275633 3
10317970 2
10317971 3
10558816 2
10558816 0
10558817 1
11303400 6
11303402 3
11303403 2
11553861 4
11553862 2
11553863 4
13065447 2
14295610 5
14295611 7
15289289 6
15473029 5
15473030 4
17835555 3
17835555 2
17835556 7
18179031 1
18179032 3
18182859 7
18182859 2
18575518 6
18575518 1
18575519 2
19807452 6
19807453 5
21231478 6
21231479 7
22070849 0
22070852 4
22352363 5
22606017 4
22606022 4
22944541 4
22944541 2
23690692 7
23690694 3
24475746 6
24816619 5
24816620 7
24816620 2
24825388 7
24825388 3
24825389 5
24915567 3
24961914 7
24961918 5
25895581 6
27076742 5
27076742 0
27627313 6
28610518 6
29199899 5
29199899 1
29243559 6
30032151 4
30032152 3
30032152 1
30757529 6
30757529 0
33274759 6
33274763 3
33326043 5
33326043 0
33585319 1
33585321 1
33585324 5
34942196 3
35531514 0
35531516 5
35531517 4
36217364 5
36217366 3
36217366 1
36519012 7
36519012 5
36559793 6
37098010 3
37098010 1
37098012 6
37423253 3
37589590 3
37589593 3
37885708 5
37885711 1
39463791 7
39463791 3
40101744 1
40101745 3
40247607 4
40553258 3
40553259 6
40553259 2
40843378 5
40843378 3
41236232 7
41236233 4
41236233 3
41721236 5
42555152 4
42555155 5
43587338 4
43634703 5
43634703 2
43634704 5
44002382 4
44002382 3
44825314 4
45073470 7
45073470 2
45073471 7
45657459 6
45859099 0
45859100 7
46890659 2
48605282 5
48605283 3
48605283 0
48811255 2
48811257 2
50623806 6
50674472 5
50674473 6
50674475 7
50769183 2
50769183 1
51363740 2
51809403 3
52342971 4
52342975 2
52438446 5
52438446 4
52638181 3
52638182 3
54857287 1
56612221 3
56612222 6
57746415 2
57746415 0
57746418 7
58687097 4
58826747 5
58826748 1
58826749 3
59364916 6
59364922 4
59565688 5
59571467 3
59571468 4
59571470 6
59707829 2
60260398 0
60260399 6
60705024 2
60705025 4
60705025 2
60951570 4
62418859 2
63846880 0
63846881 3
63985076 0
63985077 4
64085469 4
64625225 7
64625225 0
65572288 3
65572289 6
65668002 1
66647960 7
66647961 0
66647965 1
67777019 1
67777020 5
67777022 2
67875370 0
67875373 5
68065835 2
68065836 5
69095800 6
69095800 2
69106038 5
69106040 6
69838881 4
69838881 2
70094013 7
70094013 1
70927981 5
71663505 1
71663508 3
71862706 7
71862706 5
71862709 3
73533188 6
73533189 7
74609476 1
74609476 0
75451605 7
75451606 1
77816105 7
77816106 5
77816107 5
77827806 6
77827806 2
79189716 4
79262769 7
79262769 1
79512231 5
79512233 6
79547622 6
79547624 0
79547625 5
80150078 2
80963532 3
80963534 6
80963534 5
81614374 3
81614374 1
82531781 6
82531783 7
82531783 5
82907084 6
82907085 3
85387097 1
85387098 7
85725403 4
85725408 4
85978551 5
86272996 4
86272996 2
86771727 3
87103441 6
87103441 5
87643172 5
87643174 1
87698387 7
87698390 3
90951136 4
90951136 0
91481452 2
92761629 3
92761629 0
92761631 2
93106339 4
93106339 2
93106340 1
93455611 2
93990976 1
93990977 2
94981999 4
94982001 1
95275979 3
95275980 4
95458785 3
95458787 4
95570694 5
95570694 4
96491707 1
96491710 6
96542266 4
96542266 3
96542266 0
97090154 5
97090154 4
97090154 0
100632929 7
100632929 3
100823949 7
100823949 5
102004431 5
102387867 0
102387869 6
102387869 1
103916839 0
103916840 6
104753549 6
104753549 5
104810158 6
104810159 7
105544427 4
105544430 6
105632330 6
105632330 0
106329365 2
106329366 4
106329368 1
107648528 3
107648529 1
107648530 4
107653790 1
107653792 7
107653792 2
108397211 5
108491396 5
108491396 0
109181794 6
109181794 3
109672676 6
109672679 1
109964095 6
109964095 4
109964096 1
110807414 2
110807418 4
110807418 3
1723124 0
4127105 0
8450558 0
10275612 0
12479385 0
16067519 0
17445399 0
18424836 0
21231457 0
21421223 0
23756187 0
25070826 0
29539768 0
29836322 0
30511513 0
31993763 0
32398354 0
35185527 0
37889753 0
39123098 0
39123104 0
41087268 0
46147657 0
48263812 0
49448806 0
51701441 0
54214384 0
58789315 0
59364902 0
59864380 0
64883812 0
65803018 0
69047138 0
70483871 0
74663522 0
74898918 0
78072824 0
79411228 0
81794810 0
82930197 0
83221765 0
91034960 0
93556673 0
95761864 0
99412963 0
100774507 0
103082470 0
108498024 0
109272930 0
109280467 0
110653781 0
189999 6
190000 0
190001 7
190003 5
194111 2
194126 7
194133 5
194141 2
194158 5
194165 1
194166 7
194180 5
194183 4
194185 2
194197 4
194199 3
194202 1
194203 5
194213 2
194232 4
194234 0
194250 0
194252 4
194269 0
194276 2
194301 3
194306 2
194307 0
194326 6
194328 3
194329 5
194331 7
194363 0
194364 1
194365 7
194366 0
194374 2
194375 2
194381 3
194386 5
194391 2
194396 0
194404 5
194406 4
194407 2
194415 0
194419 0
194436 2
194445 1
194447 6
194452 3
194464 0
194465 2
194467 1
297438 3
297440 2
297442 1
297443 7
297446 5
297455 1
297457 1
297458 6
297464 6
297466 2
297471 4
297477 6
297477 3
297478 2
297485 4
297495 1
297498 7
297504 6
297506 7
297507 6
297515 6
297516 1
297519 5
297522 1
297524 7
297532 7
297534 0
297538 1
297540 5
297551 0
297559 7
297574 4
297574 2
297581 4
297582 3
297584 2
297587 5
297594 1
297600 6
297602 7
297602 4
297618 0
297625 3
297634 6
297674 2
297680 4
297686 2
297689 6
297703 6
297725 4
297727 7
297738 7
297738 6
297741 2
297752 0
297753 3
297761 1
297765 4
297774 6
297775 4
439020 0
439026 0
439030 7
439030 2
439034 1
439036 6
439036 4
439039 1
439043 4
439043 3
439048 7
439056 1
439057 0
439058 0
439060 7
439068 2
439070 2
439073 6
439085 6
439100 2
439108 1
439113 6
439113 2
439114 2
439115 0
439117 3
439119 0
439123 6
439123 1
439125 1
439129 1
439149 3
439150 0
439153 0
439155 7
439163 0
439164 0
439167 0
439181 0
439182 1
439186 7
439191 4
439201 4
439203 6
439212 7
439221 1
439222 4
439233 6
439241 4
439254 7
439255 4
439258 6
439261 5
439270 0
439272 2
439275 2
439277 4
439279 3
439288 2
439296 0
439304 3
439307 5
439308 4
439308 0
439323 4
439331 4
439344 2
439346 7
439359 0
1466026 7
1466031 5
2558332 7
2558333 4
2558338 5
2258927 5
2258927 2
2258928 1
2347108 2
2347109 2
2347110 2
2347111 2
2347112 7
2347114 7
1670887 3
1670890 5
1723125 1
1723126 6
2300214 2
2300215 2
2655877 0
2703757 7
