4222511 0
8445468 4
9872997 6
29148173 0
29148173 6
29148174 0
29148174 4
31993776 5
31993776 6
32827871 2
37254003 0
42166017 5
48660226 1
48660226 2
48660226 4
48660227 1
48660227 3
48660227 7
52547572 1
52547572 4
52547573 3
52547573 7
58091089 1
58091090 4
69442258 6
70476685 5
70476686 5
74663534 7
82294183 0
83320607 1
84217196 4
9872999 4
23436082 5
23436084 6
26199123 1
29148178 7
35180740 2
37254004 2
42166018 3
42166021 7
46444128 6
51161910 5
52547574 6
52547575 5
52547575 1
52547576 5
52547577 5
52547578 4
53544555 0
54505888 1
58091091 2
58091093 6
70476690 7
70476690 4
73976073 0
73976074 2
73976075 7
74663536 3
74663537 1
74663539 4
82294187 3
82294189 0
83320611 1
84217201 1
86618043 6
93154432 7
93154432 6
93154432 2
94777784 2
100380014 3
100380018 6
109719190 6
109719192 6
110257221 5
7020106 2
7020107 1
32827872 7
32827875 5
32827876 4
42166021 1
46444125 6
48263780 2
48263780 5
48263781 0
48263782 6
48660225 2
48660225 6
48660226 1
48660226 2
48660226 4
48660227 1
48660227 3
48660227 7
48950250 2
48950250 5
48950255 1
52547572 1
52547572 4
52547573 3
52547573 7
52547574 6
54505892 7
73976073 4
73976073 5
74663537 4
81225596 2
81225599 0
81225601 6
83320610 3
84217198 5
84995402 2
84995402 5
84995404 2
84995404 7
84995409 5
97878085 2
97878085 5
97878088 3
147432 2
147432 1
1079638 2
1124877 4
1124877 1
1670880 3
1912206 5
2703747 4
# RETIRADA 2026-09-30: 2993169 2   # frame 63: o molde_slice fez o slice_type B para casar com o nal_ref_idc 0, mas o nal_ref_idc era o bit corrompido -- o 63 e o P de referencia (frame_num 2); ver data/patches_cabecalho.txt
3529431 1
7326702 6
8592785 5
8603860 5
8940892 1
9482115 7
9576799 6
10220931 3
10609089 2
11553855 4
11695810 3
12530671 7
13262977 3
14054441 2
14295603 2
14987917 5
15828234 6
16025799 2
16067531 2
17207287 2
17738040 1
18281874 3
18424822 3
18575506 5
19452069 3
19455480 7
20006872 3
21813830 4
22070843 1
23103801 4
23984562 5
24720015 2
24961906 2
25412491 6
26685550 2
26685550 1
26878357 4
26928527 2
27769020 7
27769020 3
27906418 5
28164859 6
28953935 2
29199890 3
29333969 2
29836311 4
30020316 7
30032144 5
30567114 3
30809529 4
31399013 7
32930236 5
32930236 3
33171005 2
34496062 2
35293262 6
35293262 2
35434722 4
35486898 7
35531508 4
35677594 5
35926597 5
36025602 7
36324573 7
36661007 2
37423244 3
37885702 6
38240759 2
38382627 3
39165135 2
39264733 2
39901192 2
40404376 5
40553251 6
40886459 6
40886459 2
41087260 6
41236225 2
41384368 6
41721227 1
42409170 2
42658145 6
42658145 1
42852716 1
43988829 7
44084802 7
44479412 2
44479412 1
45073463 6
45073463 3
45073463 1
45169158 7
45657450 3
45682545 7
45682545 1
45859092 6
46690155 3
46932072 4
47335944 1
47670680 6
47725607 3
47725607 1
48169773 7
48220186 2
48220186 1
48511209 2
48561109 4
48854188 6
48854188 2
49448816 2
49585258 2
49783157 7
49790445 2
50623797 4
50674466 3
50769174 7
50911098 2
51017507 3
51121941 5
51892999 1
52638173 4
52738081 4
52938005 4
53036092 2
53079137 1
53276502 5
53276502 2
53321449 2
53722297 2
53815459 7
53959997 7
54214376 7
54906280 4
56077659 3
56758589 3
57408954 5
57551735 7
57654703 7
58438259 2
58593175 1
58687088 6
58687088 5
59364910 5
59418438 2
59520574 2
59865277 4
59865277 1
60108244 2
60598908 1
60647010 5
60696536 5
60895803 3
60901969 7
62177268 3
63310842 4
63546369 3
63985067 2
64141691 7
64834992 6
65515123 2
65712964 6
65952793 5
66544039 1
67633328 7
67777011 1
69106031 5
69301596 2
69645983 6
70229610 7
70436352 7
70436352 6
70733442 2
70927972 2
71073042 2
71211245 2
71946584 2
72440224 1
72548424 1
72734667 2
73533180 7
73571154 7
74262005 2
74609469 4
74802210 5
75157065 6
75451596 7
78072812 7
78262442 2
78421619 2
78761682 6
78761682 5
79393184 6
79393184 3
79411241 1
80812897 6
81023787 7
81126162 2
81513768 3
81627899 7
81794823 2
81895038 6
82683773 4
82778225 6
82778225 1
82930212 5
83120591 2
83470681 7
83714283 4
83818702 4
84547559 2
84657290 5
84842257 1
84949896 4
85387088 5
85492277 5
85543933 2
85781021 6
86325163 1
86961354 2
88636902 2
89175775 2
91677190 3
92620186 2
92761621 5
93739980 7
95570687 3
96050814 5
96210458 7
96542258 2
97138891 5
98164796 2
98367747 5
98854972 2
99499951 2
99789528 1
100132722 5
100823939 7
102387859 3
102740181 3
103570708 4
104024044 7
104024044 1
104305392 7
104305392 4
104753543 3
105093650 3
105395660 2
105632323 6
105981093 3
106033740 1
106179743 3
106228102 4
107653784 6
107653784 1
107893999 2
107898496 7
108047219 6
108348197 5
108348197 2
108397202 2
108836819 3
109122426 5
109131400 6
109272919 4
109964087 6
110549259 1
110807407 2
147486 1
147562 1
147634 1
1870033 1
4819218 1
6587597 1
6681137 1
7657271 1
9195260 1
10220920 1
10609100 1
11649858 1
11686659 1
14987904 1
16409933 1
19551447 1
19551469 1
19652909 1
20006881 1
21376230 1
22209890 1
27282231 1
27918791 1
29148205 1
30268866 1
31399001 1
31993808 1
32085804 1
32976102 1
32989675 1
36559769 1
37157792 1
39123086 1
42372050 1
44521047 1
46444164 1
48108070 1
50229127 1
51207336 1
51363739 1
52389603 1
53079145 1
53182919 1
54843725 1
56612225 1
56625599 1
57208782 1
57844384 1
58245204 1
60646998 1
63103704 1
65473619 1
68027410 1
68213372 1
70481426 1
70927980 1
71314282 1
73431583 1
73977075 1
78421607 1
81895029 1
82642611 1
83023857 1
84598668 1
84995436 1
86470044 1
87655174 1
90297212 1
90850013 1
92170293 1
92170296 1
93055830 1
94477515 1
97721176 1
99641236 1
100632896 1
100632933 1
102987360 1
107160213 1
107894010 1
109719219 1
110755336 1
110999658 1
114262918 1
# RETIRADA 2026-09-29: 147444 0   # frame 10: trocava o escape 03 legitimo do byte 13 do NAL por 02 (00 00 02 proibido, o ffmpeg corta o NAL e o B vira interpolacao) -- ver data/patches_gemeos.txt
77496469 0
# 2026-09-29, aprovado pelo usuario: o escape 03 restaurado onde 00 00 02/01 cortava o NAL (tools/proibidas.py; armadilha 62) -- linhas 5342-5348 do patches.txt
2951918 0  # 59 0x2 -> 0x03
9482126 0  # 263 0x2 -> 0x03
14648628 0  # 407 0x2 -> 0x03
53079148 0  # 1610 0x2 -> 0x03
53960011 0  # 1638 0x2 -> 0x03
81895050 0  # 2459 0x2 -> 0x03
100380096 1  # 2971 0x1 -> 0x03
# 2026-09-29, aprovado pelo usuario: 51 escapes 00 00 02 -> 00 00 03 (tools/proibidas.py; 705:2 nos quadros bons) -- linhas 5674-5724 do patches.txt
1723124 0  # quadro 37 byte 7 de 29444: 02 -> 03
4127105 0  # quadro 95 byte 13521 de 13528: 02 -> 03
8450558 0  # quadro 219 byte 5089 de 36135: 02 -> 03
10275612 0  # quadro 286 byte 54680 de 54689: 02 -> 03
12479385 0  # quadro 352 byte 126036 de 126075: 02 -> 03
16067519 0  # quadro 436 byte 41719 de 41728: 02 -> 03
17445399 0  # quadro 469 byte 62105 de 62116: 02 -> 03
18424836 0  # quadro 498 byte 13 de 89725: 02 -> 03
21231457 0  # quadro 558 byte 21501 de 21510: 02 -> 03
21421223 0  # quadro 563 byte 8 de 21728: 02 -> 03
23756187 0  # quadro 628 byte 9788 de 9798: 02 -> 03
25070826 0  # quadro 674 byte 13037 de 13046: 02 -> 03
29539768 0  # quadro 800 byte 7 de 18028: 02 -> 03
29836322 0  # quadro 813 byte 10 de 10718: 02 -> 03
30511513 0  # quadro 843 byte 57941 de 57970: 02 -> 03
31993763 0  # quadro 900 byte 15497 de 15506: 02 -> 03
32398354 0  # quadro 915 byte 7 de 19497: 02 -> 03
35185527 0  # quadro 1011 byte 4788 de 112520: 02 -> 03
37889753 0  # quadro 1109 byte 7 de 5160: 02 -> 03
39123098 0  # quadro 1152 byte 68 de 42102: 02 -> 03
39123104 0  # quadro 1152 byte 74 de 42102: 02 -> 03
41087268 0  # quadro 1212 byte 7 de 16010: 02 -> 03
46147657 0  # quadro 1370 byte 7 de 19601: 02 -> 03
48263812 0  # quadro 1437 byte 30 de 67640: 02 -> 03
49448806 0  # quadro 1484 byte 17544 de 17551: 02 -> 03
51701441 0  # quadro 1570 byte 10 de 62609: 02 -> 03
54214384 0  # quadro 1645 byte 7 de 19802: 02 -> 03
58789315 0  # quadro 1759 byte 20822 de 20829: 02 -> 03
59364902 0  # quadro 1773 byte 34308 de 34313: 02 -> 03
59864380 0  # quadro 1802 byte 77109 de 78003: 02 -> 03
64883812 0  # quadro 1968 byte 24635 de 24641: 02 -> 03
65803018 0  # quadro 1992 byte 7 de 19247: 02 -> 03
69047138 0  # quadro 2084 byte 10744 de 10753: 02 -> 03
70483871 0  # quadro 2130 byte 7185 de 167364: 02 -> 03
74663522 0  # quadro 2274 byte 13376 de 13385: 02 -> 03
74898918 0  # quadro 2283 byte 10662 de 10671: 02 -> 03
78072824 0  # quadro 2374 byte 11 de 24853: 02 -> 03
79411228 0  # quadro 2402 byte 18043 de 18053: 02 -> 03
81794810 0  # quadro 2457 byte 17376 de 17386: 02 -> 03
82930197 0  # quadro 2485 byte 23120 de 23132: 02 -> 03
83221765 0  # quadro 2496 byte 10 de 67552: 02 -> 03
91034960 0  # quadro 2737 byte 63583 de 63590: 02 -> 03
93556673 0  # quadro 2791 byte 58520 de 58529: 02 -> 03
95761864 0  # quadro 2856 byte 27277 de 27283: 02 -> 03
99412963 0  # quadro 2946 byte 8798 de 8807: 02 -> 03
100774507 0  # quadro 2976 byte 68545 de 68554: 02 -> 03
103082470 0  # quadro 3033 byte 10155 de 10162: 02 -> 03
108498024 0  # quadro 3233 byte 13 de 50721: 02 -> 03
109272930 0  # quadro 3260 byte 10 de 7553: 02 -> 03
109280467 0  # quadro 3260 byte 7547 de 7553: 02 -> 03
110653781 0  # quadro 3296 byte 8090 de 12574: 02 -> 03
