# patches_cabeca_fis.txt -- a tarja de cima do 17 e do 19 com o MB 0 pela fisica, depois do QP consertado: o lote que entrou.
# Aplicado em 2026-09-29, aprovado pelo usuario: 127 linhas (o QP de cada um esta em data/patches_cabecalho.txt). O verify pula.
# 17: linhas 5780-5838; MB 0 fis_r1_L5_U0_V-6 (ref1, luma +, Cr -2); 59 de 2.760 bits (2,1%), no maximo 4 por janela de 64.
# 19: linhas 5840-5907; MB 0 fis_r0_L3_U0_V0 com a predicao da ref0 em 14 (o peso da ref0 tem 1 bit errado, ambiguo entre
#     luma 44->45, 44->46 e deslocamento -9->-8 -- nao entrou); 68 de 2.704 bits (2,5%%). mapa: 17 de 9 a 1.151, 19 de 1 a 1.080.
297440 2
297442 1
297443 7
297446 5
297455 1
297457 1
297458 6
297464 6
297466 2
297471 4
297477 6
297477 3
297478 2
297485 4
297495 1
297498 7
297504 6
297506 7
297507 6
297515 6
297516 1
297519 5
297522 1
297524 7
297532 7
297534 0
297538 1
297540 5
297551 0
297559 7
297574 4
297574 2
297581 4
297582 3
297584 2
297587 5
297594 1
297600 6
297602 7
297602 4
297618 0
297625 3
297634 6
297674 2
297680 4
297686 2
297689 6
297703 6
297725 4
297727 7
297738 7
297738 6
297741 2
297752 0
297753 3
297761 1
297765 4
297774 6
297775 4
439026 0
439030 7
439030 2
439034 1
439036 6
439036 4
439039 1
439043 4
439043 3
439048 7
439056 1
439057 0
439058 0
439060 7
439068 2
439070 2
439073 6
439085 6
439100 2
439108 1
439113 6
439113 2
439114 2
439115 0
439117 3
439119 0
439123 6
439123 1
439125 1
439129 1
439149 3
439150 0
439153 0
439155 7
439163 0
439164 0
439167 0
439181 0
439182 1
439186 7
439191 4
439201 4
439203 6
439212 7
439221 1
439222 4
439233 6
439241 4
439254 7
439255 4
439258 6
439261 5
439270 0
439272 2
439275 2
439277 4
439279 3
439288 2
439296 0
439304 3
439307 5
439308 4
439308 0
439323 4
439331 4
439344 2
439346 7
439359 0
