# patches_gemeos.txt -- os B 10 e 12 recodificados pela sintaxe dos gemeos (tools/anchor/gemeos.py): o lote que entrou no patches.txt.
# Aplicado em 2026-09-29, aprovado pelo usuario: 406 linhas (4936-5341 do patches.txt); sairam as linhas 1.826 (147444 0) e 1.828 (150538 0), escape 03 -> 02. O verify pula este arquivo.
# quadro 10: todo pulado, como o gemeo 6 -- 81 bits de 2064 (3.92%), NAL fecha em 258 bytes
147445 6
147446 4
147459 4
147475 7
147477 4
147478 7
147487 3
147488 6
147491 1
147491 2
147495 1
147495 2
147496 4
147498 6
147498 7
147501 1
147503 6
147504 2
147513 5
147515 0
147516 4
147517 2
147525 7
147533 1
147534 3
147535 7
147536 1
147543 3
147546 5
147551 2
147563 4
147563 7
147565 7
147567 0
147567 5
147571 3
147571 5
147571 6
147576 7
147577 2
147578 1
147579 4
147580 2
147581 2
147589 5
147590 2
147592 5
147594 4
147597 3
147600 2
147606 2
147608 3
147613 4
147620 0
147623 6
147626 2
147635 0
147635 2
147636 0
147639 2
147639 4
147641 5
147644 0
147644 5
147644 6
147647 3
147650 0
147652 3
147660 5
147661 1
147661 4
147663 0
147665 6
147671 1
147673 4
147676 2
147679 4
147679 7
147681 2
147681 3
147686 0
# quadro 12: a sintaxe do gemeo 8 (POC 14, trace do JM) -- 325 bits de 23480 (1.38%), NAL fecha em 2935 bytes
150540 3
150542 5
150549 3
150558 6
150560 0
150562 2
150563 6
150569 6
150573 3
150573 7
150574 2
150577 0
150578 7
150581 4
150582 1
150582 4
150582 5
150583 0
150583 2
150584 7
150585 5
150586 4
150587 5
150590 4
150599 7
150606 4
150611 1
150613 5
150615 0
150617 2
150618 3
150621 7
150622 7
150623 3
150625 3
150627 0
150628 6
150630 1
150631 2
150639 4
150645 5
150647 2
150650 0
150655 2
150656 2
150658 5
150666 4
150670 3
150670 6
150673 0
150680 4
150693 7
150694 3
150694 6
150699 0
150706 5
150707 2
150711 4
150714 4
150717 0
150719 3
150719 7
150720 2
150720 6
150723 1
150723 4
150723 6
150724 5
150726 4
150727 4
150727 6
150734 2
150735 2
150747 3
150753 1
150753 7
150761 4
150762 0
150765 5
150766 0
150769 7
150772 0
150774 6
150774 7
150777 3
150781 2
150785 3
150786 3
150791 7
150795 6
150796 0
150797 0
150797 3
150798 5
150798 7
150799 2
150807 4
150808 0
150816 5
150818 2
150827 0
150827 3
150828 2
150829 3
150831 1
150833 6
150840 3
150844 5
150852 4
150859 0
150860 5
150868 3
150870 3
150873 6
150877 3
150884 6
150885 7
150888 4
150894 4
150896 0
150897 2
150897 3
150899 5
150902 1
150903 4
150910 4
150919 7
150920 2
150925 5
150926 6
150928 1
150932 5
150934 7
150938 0
150938 3
150957 0
150958 6
150964 2
150971 4
150974 1
150985 3
150989 1
150994 5
150995 0
150995 6
150996 3
151002 6
151003 1
151005 6
151010 7
151013 0
151022 3
151023 1
151024 6
151025 0
151030 3
151033 3
151038 0
151047 2
151051 5
151058 1
151064 3
151065 7
151067 5
151071 3
151079 1
151082 1
151083 0
151085 6
151087 4
151088 6
151091 4
151093 3
151102 5
151106 4
151114 0
151114 5
151117 1
151118 6
151125 3
151130 5
151131 5
151132 3
151134 4
151135 4
151137 5
151140 4
151142 4
151144 2
151148 2
151149 1
151149 2
151152 1
151152 4
151162 0
151164 4
151165 6
151166 2
151167 3
151170 4
151170 5
151177 2
151180 4
151183 6
151184 1
151185 2
151189 5
151191 7
151193 2
151196 6
151199 5
151202 2
151217 2
151220 3
151225 6
151229 2
151230 3
151232 5
151239 7
151241 1
151242 3
151242 6
151247 3
151253 2
151254 5
151259 3
151259 4
151266 0
151266 4
151270 5
151274 4
151277 0
151278 4
151282 0
151282 3
151284 6
151287 3
151289 0
151292 1
151293 4
151294 5
151295 0
151295 7
151300 2
151301 1
151305 2
151307 2
151313 6
151317 2
151326 4
151329 1
151337 7
151341 2
151341 7
151342 5
151347 7
151350 2
151353 4
151353 7
151356 5
151356 7
151358 2
151360 2
151377 0
151377 2
151377 6
151380 4
151382 7
151383 5
151385 0
151385 4
151387 6
151389 1
151390 5
151395 0
151400 2
151400 5
151401 7
151403 3
151407 1
151408 1
151412 7
151415 1
151415 7
151416 3
151416 4
151419 7
151420 1
151425 0
151425 4
151426 3
151426 5
151428 3
151429 0
151438 1
151448 7
151449 7
151454 2
151456 6
151462 5
151463 7
151471 5
151481 0
151482 7
151483 5
151485 3
151487 2
151489 6
151499 1
151506 7
151509 0
151510 4
151511 0
151512 4
151517 7
151523 2
151527 0
151528 3
151531 2
151534 6
151536 0
151538 2
151541 0
151541 1
151549 1
