# patches_f11.txt -- o frame 11 recodificado inteiro (plano 5): o lote que entrou no patches.txt.
# Aplicado em 2026-09-28, aprovado pelo usuario: as 873 linhas (3.122-3.994 do patches.txt; 3.120-3.992 desde 2026-09-29, quando sairam as linhas 1.826 e 1.828). O verify pula este arquivo.
# Gerado em 2026-09-28 por: python tools/anchor/f11.py nal <saida>  (a partir de data/f11/hipoteses.json).
#
# O frame 11 (P, 2.832 bytes, ultimo quadro do fade) cai inteiro numa zona de dano de ~4%. A imagem
# dele e conhecida (tarja 16, campo 43; croma 128 / 125-131) e a sintaxe foi determinada MB a MB:
#   - 7.919 MBs: o molde do frame 9 (I16x16 DC, croma DC, sem residuo);
#   - MB 0: inter ref 2 (peso (64,-16): tarja exata), so DC de croma (U +3, V -3);
#   - fileira 8 (borda tarja/campo): MB 960 inter ref 0 com residuo pela fisica (fonte de croma U 128/125,
#     V 128/131), MB 961 I16x16 horizontal com residuo de croma, o resto horizontal;
#   - fileira 59: MB 7080 16x8 (ref 0 em cima, ref 2 embaixo; a tarja de baixo comeca na linha 950),
#     MB 7081 I16x16 horizontal com residuo de croma, o resto como no 9.
# O codificador (tools/anchor/cabac_p.py) reproduz bit a bit os quadros 3, 5, 7 e 9 do arquivo.
#
# Provas (2026-09-28):
#   - o slice recodificado difere do arquivo em 3,87% dos bits, uniforme em todo o quadro, com a estatistica
#     de trocas independentes (30 pares vizinhos contra ~32 esperados); o enchimento final, 4,1%;
#   - o NAL corrigido fecha EXATAMENTE nos 2.828 bytes do arquivo (56 cabac_zero_word + o 03 final);
#   - o JM 19.1 decodifica o 11 corrigido sem erro e le a sintaxe dos 8.160 MBs igual a das hipoteses;
#   - a imagem sai tarja 16,000 e campo 43,000 exatos (min = max), croma 125/131 no campo e 128 na tarja;
#   - ffmpeg: o GOP 0 ate o 12 decodifica sem nenhuma linha de erro (antes: Reference 4 >= 3 no MB 1 do 11);
#   - mapa do filme inteiro: so o 11 muda (MB 1 -> 8.160, 0% -> 100%);
#   - serie (criterio rigoroso, TARJA=1) no GOP 0: 11 -> 13 de 29 quadros bons (entram o 11 e o 12);
#   - nenhuma troca coincide com linha do patches.txt; o cabecalho do slice nao muda (0 bits).
# Nao verificavel: o peso da ref 1 no cabecalho, (84,-7), absurdo para o fade -- nenhum MB usa a ref 1.
#
# Cada linha: offset bit (bit 0 = menos significativo). 873 linhas.
147715 1
147715 3
147715 4
147716 3
147716 7
147720 6
147727 3
147729 3
147731 3
147738 5
147739 4
147744 6
147745 5
147750 3
147755 2
147757 4
147758 6
147765 7
147767 3
147768 3
147770 1
147772 6
147775 2
147782 1
147785 3
147786 6
147787 0
147789 3
147792 2
147792 6
147793 2
147793 5
147794 3
147794 5
147795 3
147806 5
147812 7
147813 2
147813 7
147817 4
147820 3
147820 6
147821 6
147823 3
147833 6
147836 5
147837 2
147847 2
147848 1
147850 7
147851 7
147863 2
147863 7
147864 5
147872 7
147873 0
147873 5
147873 6
147875 3
147877 1
147885 3
147885 5
147886 5
147887 5
147889 3
147892 3
147895 3
147896 0
147896 5
147897 4
147903 0
147903 5
147908 1
147914 2
147916 6
147919 1
147920 3
147923 4
147924 0
147925 6
147927 3
147927 4
147927 6
147928 0
147929 5
147930 7
147932 1
147933 2
147935 6
147940 0
147942 1
147945 7
147948 0
147949 5
147951 1
147955 1
147968 7
147975 7
147982 6
147987 6
147992 7
147995 0
147995 3
147995 4
147996 1
147996 7
147998 5
147998 7
148001 2
148006 2
148006 7
148010 7
148011 0
148013 3
148014 5
148017 6
148024 0
148027 3
148028 0
148031 4
148032 1
148032 2
148034 3
148036 0
148036 3
148045 0
148048 2
148051 0
148052 7
148054 6
148067 6
148068 6
148071 6
148076 0
148083 1
148086 2
148090 7
148094 4
148098 4
148100 6
148103 2
148105 0
148109 3
148115 4
148121 5
148126 0
148126 3
148129 1
148131 0
148134 3
148136 2
148136 7
148138 4
148147 3
148151 0
148159 5
148159 7
148165 4
148166 6
148167 6
148168 4
148170 0
148174 2
148175 2
148186 2
148187 0
148195 6
148206 5
148209 3
148212 5
148218 7
148220 1
148220 3
148227 4
148230 0
148230 4
148233 2
148234 4
148239 5
148241 5
148243 1
148243 5
148245 4
148246 4
148249 2
148252 4
148254 7
148261 1
148267 1
148269 4
148270 4
148271 5
148275 5
148276 1
148284 1
148293 2
148294 2
148295 7
148296 7
148297 1
148298 6
148299 4
148304 2
148308 0
148310 1
148314 0
148314 4
148321 3
148326 1
148330 5
148331 4
148332 2
148332 4
148336 7
148344 3
148345 5
148346 3
148347 6
148348 5
148349 3
148350 2
148353 2
148357 7
148362 6
148371 0
148374 3
148377 1
148378 3
148382 1
148384 5
148386 4
148387 1
148399 0
148405 2
148409 5
148409 6
148415 3
148421 1
148423 4
148427 5
148430 6
148438 7
148440 5
148443 6
148461 5
148462 0
148467 3
148472 4
148473 1
148474 7
148477 2
148480 3
148481 6
148482 2
148484 7
148488 2
148490 7
148492 4
148493 4
148494 1
148503 1
148517 3
148520 4
148520 7
148522 5
148524 2
148527 4
148531 1
148538 4
148540 3
148540 4
148543 4
148546 1
148546 5
148551 5
148559 2
148562 2
148563 2
148565 5
148566 1
148569 4
148571 0
148580 4
148582 5
148587 4
148588 5
148599 3
148602 1
148607 2
148619 1
148619 6
148627 2
148628 0
148629 5
148630 7
148631 0
148635 7
148636 7
148643 5
148645 7
148646 5
148647 4
148647 5
148650 4
148654 3
148660 0
148664 6
148665 1
148674 4
148674 5
148675 3
148676 3
148676 6
148682 5
148684 4
148686 5
148691 0
148698 0
148701 2
148704 4
148704 5
148707 6
148709 5
148714 6
148715 1
148716 2
148722 3
148722 4
148725 7
148727 6
148730 4
148733 3
148735 4
148746 2
148754 6
148764 0
148768 1
148777 3
148778 5
148779 5
148783 7
148792 1
148792 7
148799 4
148803 6
148806 7
148807 1
148807 3
148807 5
148809 2
148809 7
148812 7
148817 4
148818 0
148821 2
148823 6
148828 1
148830 6
148836 3
148841 3
148842 1
148848 6
148850 5
148855 1
148857 4
148862 4
148866 5
148874 4
148882 7
148885 0
148885 2
148886 6
148896 2
148900 2
148906 6
148907 2
148907 3
148907 7
148910 7
148912 3
148917 1
148926 2
148930 3
148930 5
148930 7
148932 2
148932 5
148935 6
148936 1
148939 7
148940 5
148942 4
148943 5
148945 2
148949 0
148953 7
148957 3
148959 4
148962 0
148965 2
148966 0
148967 0
148969 1
148969 4
148973 1
148975 6
148976 4
148978 6
148979 6
148983 2
148985 4
148998 5
149002 5
149003 0
149003 4
149005 6
149007 0
149007 7
149009 1
149016 7
149018 3
149019 5
149025 0
149028 1
149033 7
149034 1
149035 2
149036 4
149041 5
149049 7
149051 0
149053 4
149053 7
149059 3
149059 6
149065 7
149071 1
149075 7
149083 4
149085 0
149089 0
149089 2
149091 0
149093 0
149096 2
149104 4
149105 2
149108 3
149112 6
149113 1
149121 2
149125 7
149127 3
149130 3
149131 4
149132 2
149133 4
149133 5
149134 5
149136 5
149138 6
149146 7
149152 4
149155 1
149157 4
149158 3
149161 5
149164 3
149176 0
149178 2
149178 4
149180 3
149183 4
149188 3
149188 7
149190 5
149191 3
149195 7
149197 4
149197 5
149198 2
149206 6
149207 5
149208 2
149209 0
149212 2
149216 5
149218 0
149221 1
149227 2
149231 0
149231 7
149234 0
149234 5
149237 0
149237 7
149240 2
149245 0
149267 0
149272 3
149273 3
149274 7
149276 3
149279 3
149280 2
149280 7
149282 7
149284 0
149284 7
149286 2
149287 3
149290 7
149292 5
149293 4
149295 5
149295 6
149296 6
149300 7
149301 2
149301 3
149303 6
149304 4
149310 1
149311 2
149312 3
149312 5
149321 2
149324 7
149329 3
149331 3
149343 7
149344 5
149351 5
149361 2
149363 5
149365 7
149366 1
149367 4
149368 7
149378 1
149380 7
149385 3
149386 1
149395 3
149396 6
149397 2
149397 6
149408 6
149413 4
149415 1
149417 5
149418 1
149419 7
149424 4
149429 4
149435 3
149441 4
149443 2
149447 3
149448 3
149449 2
149451 2
149452 5
149453 7
149459 1
149461 3
149471 1
149478 4
149487 0
149488 5
149489 3
149490 5
149498 7
149500 4
149501 3
149502 4
149503 4
149505 7
149511 6
149527 1
149531 6
149535 1
149535 5
149537 5
149538 4
149538 6
149541 3
149544 0
149545 0
149547 2
149547 3
149559 0
149560 7
149561 0
149564 7
149568 2
149569 5
149572 0
149573 7
149584 0
149584 2
149592 6
149593 0
149595 3
149602 1
149613 7
149615 1
149616 3
149621 7
149625 0
149625 1
149626 6
149627 2
149627 4
149632 5
149637 1
149638 4
149638 5
149644 0
149646 4
149647 6
149655 5
149658 2
149668 5
149674 1
149676 0
149676 2
149680 0
149682 5
149685 4
149685 7
149687 1
149692 2
149694 1
149695 4
149703 1
149704 4
149706 4
149709 6
149728 2
149737 2
149737 3
149737 7
149740 0
149740 4
149741 6
149748 5
149751 0
149753 4
149755 3
149759 1
149761 6
149764 3
149768 6
149769 4
149774 0
149774 3
149777 1
149787 6
149787 7
149793 3
149797 5
149799 2
149811 3
149815 7
149816 5
149817 1
149819 6
149820 5
149822 6
149823 2
149825 0
149828 1
149829 5
149831 4
149833 1
149840 3
149840 4
149843 0
149843 2
149843 3
149850 0
149850 5
149854 4
149858 5
149859 3
149859 5
149862 3
149862 7
149866 6
149870 4
149872 1
149876 7
149883 0
149886 6
149887 4
149895 5
149896 0
149902 7
149906 1
149906 5
149907 0
149909 5
149923 7
149924 5
149926 2
149933 7
149935 2
149937 0
149940 7
149941 3
149942 0
149943 5
149950 3
149963 7
149964 2
149968 7
149972 0
149975 2
149981 1
149984 5
149986 1
149993 4
149995 7
150001 1
150010 4
150011 3
150014 3
150016 6
150024 0
150024 5
150026 0
150026 7
150038 2
150039 5
150041 2
150044 1
150045 1
150052 2
150054 4
150055 2
150068 1
150079 6
150082 4
150086 0
150099 7
150100 3
150102 1
150104 1
150109 4
150116 0
150118 6
150121 2
150122 4
150127 0
150133 1
150134 6
150148 6
150152 0
150153 5
150153 6
150155 0
150155 3
150158 5
150164 0
150170 4
150173 1
150173 5
150176 5
150176 6
150177 3
150185 4
150188 4
150190 6
150191 1
150191 7
150200 2
150201 5
150204 3
150206 7
150214 5
150217 0
150218 0
150221 2
150226 0
150226 7
150231 0
150235 7
150245 0
150247 5
150247 7
150248 3
150250 7
150255 0
150255 3
150278 1
150283 1
150283 7
150286 5
150286 7
150290 7
150292 5
150294 4
150295 1
150300 5
150304 2
150305 1
150305 2
150306 2
150314 3
150318 6
150319 7
150321 6
150325 1
150326 1
150329 1
150335 2
150352 0
150358 7
150360 2
150361 6
150361 7
150362 2
150364 2
150367 2
150374 5
150378 1
150379 4
150380 4
150380 6
150381 6
150385 3
150387 1
150390 0
150390 1
150392 4
150394 6
150400 3
150402 5
150402 7
150404 5
150404 6
150405 7
150412 4
150413 2
150415 6
150417 2
150425 3
150432 3
150437 2
150440 2
150444 7
150447 3
150448 1
150456 2
150458 6
150462 4
150463 7
150470 5
150474 6
150481 4
150483 7
150484 1
150489 6
150490 4
150499 6
150503 1
150507 6
150510 7
150513 6
150514 5
150517 6
150518 5
